3  581
4  250
5  247
6  244
7  311
8  240
9  230
10  231
11  241
12  238
13  244
14  237
15  277
16  257
17  257
18  257
19  256
20  256
21  255
22  258
23  256
24  257
25  255
26  257
27  254
28  257
29  257
30  271
31  284
32  264
33  330
34  256
35  498
36  260
37  254
38  281
39  257
40  261
41  260
42  261
43  261
44  260
45  261
46  261
47  261
48  257
49  260
50  258
51  261
52  250
53  261
54  257
55  261
56  250
57  261
58  260
59  260
60  250
61  261
62  264
63  288
64  264
65  266
66  264
67  264
68  263
69  268
70  264
71  257
72  264
73  267
74  267
75  267
76  267
77  253
78  265
79  267
80  264
81  268
82  267
83  266
84  264
85  267
86  264
87  263
88  261
89  254
90  267
91  263
92  268
93  268
94  267
95  261
96  267
97  267
98  267
99  267
100  264
101  265
102  264
103  253
104  268
105  267
106  264
107  267
108  267
109  267
110  260
111  264
112  253
113  264
114  263
115  267
116  264
117  268
118  260
119  266
120  257
121  267
122  253
123  268
124  267
125  264
126  267
127  296
128  266
129  261
130  258
131  268
132  271
133  268
134  271
135  271
136  271
137  261
138  261
139  271
140  258
141  271
142  260
143  271
144  257
145  271
146  271
147  270
148  271
149  268
150  270
151  268
152  274
153  271
154  268
155  268
156  257
157  266
158  271
159  270
160  268
161  270
162  274
163  271
164  274
165  260
166  267
167  271
168  270
169  270
170  261
171  267
172  270
173  257
174  261
175  258
176  258
177  267
178  260
179  267
180  267
181  380
182  261
183  258
184  260
185  268
186  257
187  271
188  271
189  261
190  258
191  271
192  261
193  267
194  271
195  267
196  274
197  270
198  267
199  273
200  267
201  247
202  237
203  250
204  247
205  247
206  247
207  249
208  250
209  247
210  246
211  249
212  253
213  250
214  250
215  253
216  249
217  253
218  247
219  250
220  237
221  249
222  250
223  237
224  250
225  238
226  237
227  237
228  250
229  249
230  250
231  250
232  237
233  250
234  249
235  250
236  237
237  250
238  247
239  249
240  250
241  249
242  237
243  247
244  250
245  249
246  237
247  241
248  250
249  250
250  247
251  241
252  247
253  253
254  247
255  278
256  249
257  256
258  247
259  256
260  246
261  256
262  256
263  256
264  243
265  253
266  256
267  256
268  256
269  256
270  253
271  243
272  247
273  259
274  256
275  250
276  247
277  253
278  256
279  243
280  253
281  243
282  253
283  259
284  259
285  253
286  260
287  256
288  253
289  249
290  256
291  246
292  259
293  256
294  256
295  247
296  256
297  238
298  253
299  253
300  256
301  256
302  355
303  286
304  243
305  253
306  253
307  255
308  252
309  244
310  256
311  256
312  256
313  255
314  253
315  256
316  256
317  256
318  256
319  256
320  253
321  256
322  256
323  256
324  259
325  256
326  256
327  253
328  259
329  256
330  256
331  259
332  422
333  327
334  274
335  259
336  246
337  247
338  256
339  259
340  256
341  256
342  259
343  256
344  256
345  256
346  256
347  253
348  256
349  253
350  253
351  253
352  243
353  253
354  259
355  256
356  256
357  246
358  259
359  253
360  256
361  247
362  259
363  256
364  244
365  256
366  256
367  253
368  259
369  247
370  256
371  256
372  256
373  247
374  256
375  253
376  253
377  256
378  253
379  256
380  256
381  256
382  253
383  256
384  256
385  255
386  253
387  256
388  253
389  250
390  256
391  253
392  256
393  259
394  256
395  246
396  255
397  253
398  252
399  247
400  256
401  238
402  238
403  235
404  234
405  238
406  229
407  235
408  226
409  237
410  235
411  237
412  235
413  240
414  238
415  235
416  238
417  238
418  238
419  234
420  238
421  228
422  238
423  238
424  236
425  234
426  238
427  240
428  234
429  234
430  235
431  235
432  241
433  238
434  234
435  237
436  238
437  238
438  241
439  238
440  238
441  240
442  234
443  241
444  238
445  229
446  238
447  241
448  238
449  228
450  238
451  238
452  237
453  237
454  238
455  238
456  235
457  238
458  232
459  235
460  238
461  235
462  238
463  350
464  273
465  249
466  243
467  243
468  250
469  255
470  254
471  238
472  238
473  250
474  250
475  254
476  244
477  249
478  248
479  250
480  249
481  246
482  253
483  238
484  250
485  235
486  255
487  246
488  240
489  251
490  246
491  244
492  237
493  243
494  237
495  247
496  248
497  250
498  246
499  247
500  255
501  248
502  253
503  246
504  258
505  236
506  246
507  246
508  246
509  258
510  257
511  278
512  253
513  252
514  238
515  260
516  249
517  249
518  243
519  261
520  253
521  268
522  244
523  251
524  252
525  253
526  252
527  243
528  243
529  255
530  240
531  252
532  253
533  254
534  249
535  244
536  253
537  252
538  261
539  260
540  258
541  261
542  250
543  250
544  261
545  255
546  254
547  252
548  251
549  264
550  261
551  255
552  241
553  253
554  243
555  253
556  235
557  258
558  243
559  255
560  320
561  261
562  245
563  255
564  264
565  260
566  235
567  253
568  258
569  249
570  244
571  255
572  252
573  258
574  243
575  243
576  252
577  229
578  236
579  245
580  236
581  233
582  236
583  240
584  234
585  234
586  238
587  243
588  238
589  243
590  236
591  236
592  238
593  236
594  236
595  236
596  251
597  238
598  243
599  243
600  236
601  245
602  236
603  224
604  230
605  243
606  242
607  231
608  226
609  235
610  229
611  236
612  243
613  242
614  251
615  248
616  243
617  236
618  239
619  236
620  230
621  238
622  242
623  236
624  251
625  251
626  238
627  645
628  301
629  281
630  285
631  284
632  284
633  284
634  284
635  281
636  287
637  271
638  280
639  283
640  281
641  280
642  281
643  281
644  284
645  283
646  285
647  285
648  351
649  284
650  280
651  281
652  283
653  283
654  284
655  291
656  286
657  285
658  283
659  654
660  357
661  327
662  284
663  284
664  285
665  286
666  288
667  284
668  260
669  281
670  360
671  284
672  281
673  284
674  284
675  284
676  285
677  280
678  284
679  285
680  288
681  281
682  274
683  281
684  278
685  280
686  276
687  277
688  281
689  284
690  283
691  274
692  281
693  651
694  371
695  294
696  280
697  284
698  287
699  284
700  284
701  535
702  285
703  284
704  280
705  284
706  284
707  284
708  271
709  281
710  283
711  274
712  271
713  283
714  277
715  281
716  361
717  274
718  264
719  271
720  285
721  281
722  270
723  280
724  281
725  478
726  368
727  812
728  464
729  421
730  471
731  488
732  397
733  478
734  403
735  354
736  307
737  421
738  454
739  531
740  320
741  401
742  454
743  642
744  343
745  287
746  258
747  250
748  254
749  254
750  254
751  251
752  254
753  253
754  251
755  253
756  254
757  348
758  340
759  444
760  257
761  258
762  248
763  253
764  254
765  253
766  250
767  290
768  254
769  254
770  250
771  254
772  254
773  253
774  248
775  251
776  250
777  826
778  487
779  464
780  428
781  451
782  634
783  457
784  445
785  264
786  385
787  424
788  384
789  457
790  271
791  370
792  270
793  572
794  458
795  391
796  458
797  514
798  448
799  454
800  464
801  441
802  298
803  287
804  431
805  451
806  458
807  301
808  284
809  594
810  411
811  441
812  428
813  474
814  397
815  318
816  334
817  438
818  334
819  314
820  471
821  434
822  398
823  297
824  307
825  538
826  539
827  458
828  324
829  331
830  395
831  297
832  321
833  567
834  391
835  398
836  284
837  287
838  441
839  451
840  478
841  288
842  311
843  558
844  448
845  494
846  404
847  505
848  307
849  311
850  405
851  451
852  498
853  311
854  310
855  471
856  508
857  454
858  293
859  542
860  521
861  308
862  401
863  447
864  405
865  465
866  301
867  301
868  445
869  360
870  424
871  277
872  304
873  404
874  411
875  638
876  468
877  454
878  484
879  565
880  421
881  672
882  487
883  451
884  481
885  511
886  441
887  481
888  501
889  461
890  454
891  494
892  445
893  619
894  407
895  434
896  495
897  458
898  435
899  441
900  468
901  488
902  538
903  401
904  471
905  538
906  407
907  468
908  457
909  690
910  484
911  423
912  706
913  438
914  388
915  401
916  432
917  454
918  364
919  416
920  315
921  305
922  284
923  284
924  280
925  661
926  364
927  281
928  280
929  308
930  284
931  261
932  280
933  284
934  291
935  347
936  284
937  284
938  284
939  284
940  284
941  284
942  280
943  659
944  314
945  284
946  284
947  284
948  314
949  281
950  284
951  367
952  374
953  280
954  284
955  284
956  284
957  283
958  280
959  658
960  378
961  298
962  301
963  301
964  304
965  300
966  305
967  304
968  301
969  291
970  301
971  284
972  284
973  314
974  280
975  655
976  364
977  284
978  284
979  300
980  301
981  300
982  301
983  298
984  304
985  305
986  304
987  287
988  300
989  301
990  304
991  658
992  344
993  411
994  311
995  284
996  285
997  284
998  284
999  288
1000  270
1001  285
1002  284
1003  284
1004  287
1005  284
1006  284
1007  284
1008  284
1009  746
1010  478
1011  471
1012  411
1013  458
1014  502
1015  465
1016  491
1017  408
1018  475
1019  401
1020  364
1021  394
1022  394
1023  421
1024  448
1025  642
1026  508
1027  732
1028  408
1029  561
1030  582
1031  464
1032  557
1033  478
1034  634
1035  290
1036  291
1037  290
1038  291
1039  284
1040  294
1041  638
1042  324
1043  260
1044  253
1045  261
1046  253
1047  253
1048  257
1049  256
1050  261
1051  261
1052  261
1053  257
1054  257
1055  258
1056  261
1057  254
1058  260
1059  668
1060  285
1061  261
1062  271
1063  264
1064  264
1065  303
1066  261
1067  256
1068  263
1069  261
1070  260
1071  261
1072  264
1073  260
1074  263
1075  668
1076  383
1077  294
1078  291
1079  291
1080  286
1081  455
1082  304
1083  288
1084  280
1085  291
1086  291
1087  287
1088  291
1089  291
1090  293
1091  291
1092  287
1093  288
1094  288
1095  284
1096  294
1097  291
1098  288
1099  411
1100  418
1101  287
1102  291
1103  291
1104  287
1105  294
1106  347
1107  455
1108  291
1109  286
1110  298
1111  281
1112  291
1113  291
1114  291
1115  294
1116  291
1117  278
1118  287
1119  290
1120  290
1121  288
1122  288
1123  291
1124  294
1125  692
1126  367
1127  375
1128  281
1129  288
1130  291
1131  291
1132  294
1133  291
1134  294
1135  291
1136  291
1137  291
1138  281
1139  294
1140  291
1141  682
1142  401
1143  307
1144  287
1145  291
1146  291
1147  281
1148  277
1149  445
1150  508
1151  321
1152  286
1153  288
1154  287
1155  291
1156  291
1157  681
1158  361
1159  318
1160  294
1161  290
1162  287
1163  291
1164  288
1165  294
1166  290
1167  288
1168  287
1169  288
1170  288
1171  415
1172  408
1173  348
1174  350
1175  689
1176  307
1177  287
1178  293
1179  287
1180  288
1181  288
1182  288
1183  294
1184  287
1185  287
1186  286
1187  291
1188  290
1189  291
1190  288
1191  842
1192  330
1193  294
1194  287
1195  338
1196  290
1197  287
1198  290
1199  286
1200  291
1201  291
1202  288
1203  288
1204  291
1205  287
1206  287
1207  669
1208  291
1209  286
1210  280
1211  287
1212  290
1213  277
1214  280
1215  274
1216  281
1217  276
1218  288
1219  324
1220  294
1221  294
1222  291
1223  617
1224  278
1225  290
1226  291
1227  281
1228  288
1229  288
1230  287
1231  291
1232  304
1233  294
1234  278
1235  288
1236  291
1237  288
1238  294
1239  288
1240  291
1241  665
1242  354
1243  288
1244  294
1245  287
1246  277
1247  291
1248  278
1249  290
1250  288
1251  288
1252  291
1253  291
1254  290
1255  278
1256  287
1257  281
1258  290
1259  294
1260  294
1261  291
1262  290
1263  287
1264  290
1265  324
1266  290
1267  287
1268  291
1269  291
1270  288
1271  291
1272  288
1273  664
1274  280
1275  290
1276  291
1277  291
1278  290
1279  294
1280  290
1281  288
1282  278
1283  291
1284  348
1285  288
1286  280
1287  281
1288  287
1289  290
1290  291
1291  288
1292  293
1293  288
1294  290
1295  287
1296  287
1297  280
1298  290
1299  281
1300  288
1301  291
1302  287
1303  281
1304  291
1305  294
1306  287
1307  672
1308  337
1309  287
1310  290
1311  294
1312  287
1313  291
1314  291
1315  287
1316  290
1317  291
1318  290
1319  291
1320  288
1321  288
1322  288
1323  491
1324  314
1325  291
1326  291
1327  291
1328  290
1329  294
1330  294
1331  314
1332  291
1333  287
1334  287
1335  291
1336  451
1337  434
1338  340
1339  664
1340  385
1341  287
1342  291
1343  288
1344  288
1345  290
1346  291
1347  291
1348  287
1349  291
1350  288
1351  284
1352  277
1353  290
1354  291
1355  287
1356  277
1357  669
1358  401
1359  290
1360  291
1361  294
1362  291
1363  288
1364  290
1365  281
1366  288
1367  287
1368  291
1369  291
1370  331
1371  291
1372  287
1373  666
1374  288
1375  291
1376  287
1377  287
1378  291
1379  277
1380  273
1381  291
1382  288
1383  278
1384  290
1385  287
1386  291
1387  290
1388  287
1389  845
1390  495
1391  562
1392  515
1393  451
1394  414
1395  498
1396  461
1397  397
1398  421
1399  457
1400  344
1401  451
1402  457
1403  521
1404  464
1405  665
1406  334
1407  341
1408  321
1409  291
1410  287
1411  291
1412  287
1413  290
1414  287
1415  286
1416  287
1417  290
1418  291
1419  293
1420  294
1421  664
1422  367
1423  304
1424  311
1425  298
1426  311
1427  304
1428  295
1429  306
1430  307
1431  307
1432  324
1433  311
1434  311
1435  305
1436  307
1437  308
1438  303
1439  666
1440  361
1441  333
1442  297
1443  304
1444  311
1445  307
1446  308
1447  290
1448  291
1449  288
1450  288
1451  287
1452  290
1453  287
1454  281
1455  662
1456  354
1457  334
1458  288
1459  295
1460  287
1461  286
1462  291
1463  280
1464  290
1465  290
1466  288
1467  291
1468  287
1469  291
1470  288
1471  662
1472  378
1473  335
1474  291
1475  294
1476  324
1477  291
1478  291
1479  277
1480  291
1481  288
1482  288
1483  287
1484  291
1485  277
1486  291
1487  658
1488  361
1489  308
1490  307
1491  304
1492  291
1493  291
1494  291
1495  290
1496  287
1497  291
1498  287
1499  314
1500  288
1501  294
1502  291
1503  290
1504  291
1505  662
1506  381
1507  291
1508  290
1509  288
1510  290
1511  294
1512  294
1513  291
1514  291
1515  291
1516  287
1517  287
1518  294
1519  291
1520  295
1521  664
1522  344
1523  307
1524  287
1525  291
1526  291
1527  291
1528  288
1529  288
1530  287
1531  290
1532  294
1533  295
1534  284
1535  288
1536  291
1537  662
1538  377
1539  288
1540  288
1541  288
1542  294
1543  287
1544  314
1545  291
1546  286
1547  287
1548  291
1549  287
1550  287
1551  291
1552  291
1553  665
1554  330
1555  288
1556  288
1557  295
1558  287
1559  288
1560  291
1561  291
1562  293
1563  411
1564  397
1565  290
1566  324
1567  290
1568  288
1569  665
1570  291
1571  288
1572  287
1573  291
1574  288
1575  288
1576  287
1577  287
1578  278
1579  287
1580  291
1581  291
1582  277
1583  288
1584  291
1585  664
1586  384
1587  291
1588  321
1589  287
1590  290
1591  291
1592  290
1593  291
1594  274
1595  280
1596  277
1597  288
1598  291
1599  291
1600  288
1601  287
1602  287
1603  662
1604  334
1605  291
1606  280
1607  291
1608  281
1609  287
1610  291
1611  291
1612  321
1613  485
1614  364
1615  294
1616  288
1617  290
1618  291
1619  681
1620  338
1621  287
1622  290
1623  278
1624  288
1625  288
1626  287
1627  290
1628  291
1629  287
1630  288
1631  287
1632  288
1633  291
1634  327
1635  669
1636  378
1637  338
1638  290
1639  291
1640  278
1641  290
1642  287
1643  287
1644  287
1645  288
1646  291
1647  288
1648  278
1649  291
1650  281
1651  280
1652  287
1653  291
1654  294
1655  324
1656  288
1657  290
1658  287
1659  291
1660  288
1661  287
1662  291
1663  290
1664  304
1665  300
1666  287
1667  611
1668  287
1669  407
1670  357
1671  301
1672  290
1673  287
1674  310
1675  293
1676  291
1677  290
1678  287
1679  278
1680  281
1681  291
1682  291
1683  294
1684  291
1685  290
1686  291
1687  290
1688  288
1689  294
1690  291
1691  291
1692  278
1693  294
1694  284
1695  290
1696  290
1697  321
1698  288
1699  290
1700  271
1701  662
1702  378
1703  293
1704  291
1705  288
1706  291
1707  277
1708  291
1709  291
1710  287
1711  287
1712  278
1713  287
1714  287
1715  291
1716  287
1717  291
1718  281
1719  291
1720  287
1721  294
1722  341
1723  288
1724  288
1725  290
1726  291
1727  291
1728  287
1729  295
1730  287
1731  290
1732  294
1733  665
1734  341
1735  278
1736  291
1737  291
1738  288
1739  290
1740  290
1741  291
1742  291
1743  291
1744  291
1745  321
1746  275
1747  287
1748  277
1749  277
1750  290
1751  281
1752  341
1753  290
1754  288
1755  277
1756  291
1757  288
1758  277
1759  287
1760  283
1761  291
1762  276
1763  291
1764  277
1765  291
1766  321
1767  666
1768  361
1769  388
1770  291
1771  291
1772  291
1773  291
1774  287
1775  291
1776  288
1777  288
1778  291
1779  288
1780  281
1781  288
1782  276
1783  294
1784  277
1785  293
1786  290
1787  286
1788  281
1789  288
1790  318
1791  288
1792  287
1793  286
1794  291
1795  291
1796  294
1797  293
1798  298
1799  661
1800  381
1801  286
1802  278
1803  294
1804  291
1805  281
1806  286
1807  290
1808  290
1809  294
1810  293
1811  290
1812  291
1813  321
1814  290
1815  277
1816  280
1817  287
1818  291
1819  291
1820  291
1821  291
1822  278
1823  287
1824  286
1825  288
1826  277
1827  280
1828  281
1829  291
1830  276
1831  661
1832  334
1833  330
1834  287
1835  301
1836  287
1837  288
1838  287
1839  290
1840  290
1841  291
1842  291
1843  291
1844  291
1845  290
1846  281
1847  287
1848  291
1849  288
1850  287
1851  288
1852  288
1853  290
1854  291
1855  290
1856  327
1857  294
1858  295
1859  290
1860  293
1861  291
1862  291
1863  455
1864  290
1865  662
1866  378
1867  337
1868  287
1869  290
1870  290
1871  287
1872  288
1873  287
1874  291
1875  290
1876  291
1877  291
1878  287
1879  287
1880  320
1881  278
1882  291
1883  294
1884  290
1885  291
1886  334
1887  283
1888  287
1889  291
1890  278
1891  290
1892  291
1893  290
1894  287
1895  291
1896  281
1897  688
1898  401
1899  287
1900  280
1901  288
1902  287
1903  290
1904  324
1905  288
1906  287
1907  290
1908  287
1909  290
1910  287
1911  291
1912  290
1913  294
1914  278
1915  291
1916  291
1917  291
1918  281
1919  291
1920  291
1921  281
1922  427
1923  361
1924  301
1925  324
1926  281
1927  351
1928  434
1929  662
1930  290
1931  290
1932  291
1933  294
1934  288
1935  287
1936  287
1937  287
1938  287
1939  295
1940  287
1941  334
1942  288
1943  290
1944  277
1945  281
1946  304
1947  291
1948  278
1949  291
1950  277
1951  291
1952  287
1953  287
1954  288
1955  291
1956  294
1957  278
1958  290
1959  290
1960  278
1961  291
1962  284
1963  661
1964  361
1965  334
1966  291
1967  291
1968  281
1969  291
1970  291
1971  294
1972  325
1973  291
1974  291
1975  290
1976  291
1977  287
1978  294
1979  291
1980  286
1981  287
1982  451
1983  371
1984  291
1985  280
1986  278
1987  291
1988  287
1989  294
1990  288
1991  311
1992  290
1993  297
1994  300
1995  664
1996  354
1997  291
1998  291
1999  287
2000  385
2001  277
2002  284
2003  277
2004  280
2005  287
2006  288
2007  287
2008  290
2009  291
2010  290
2011  290
2012  290
2013  404
2014  357
2015  288
2016  291
2017  287
2018  291
2019  291
2020  288
2021  291
2022  290
2023  288
2024  291
2025  314
2026  290
2027  301
2028  298
2029  291
2030  284
2031  291
2032  291
2033  314
2034  287
2035  294
2036  291
2037  290
2038  290
2039  287
2040  295
2041  294
2042  294
2043  294
2044  290
2045  664
2046  330
2047  337
2048  357
2049  311
2050  294
2051  310
2052  298
2053  296
2054  294
2055  297
2056  284
2057  408
2058  394
2059  307
2060  296
2061  328
2062  298
2063  293
2064  294
2065  280
2066  297
2067  297
2068  284
2069  297
2070  297
2071  293
2072  294
2073  294
2074  278
2075  294
2076  284
2077  674
2078  394
2079  311
2080  311
2081  310
2082  300
2083  488
2084  524
2085  464
2086  491
2087  498
2088  331
2089  295
2090  284
2091  287
2092  297
2093  301
2094  512
2095  351
2096  294
2097  314
2098  293
2099  298
2100  294
2101  294
2102  298
2103  294
2104  295
2105  297
2106  294
2107  295
2108  294
2109  294
2110  301
2111  295
2112  294
2113  330
2114  283
2115  288
2116  294
2117  295
2118  284
2119  296
2120  283
2121  294
2122  293
2123  294
2124  298
2125  294
2126  295
2127  668
2128  294
2129  294
2130  294
2131  294
2132  293
2133  301
2134  293
2135  297
2136  284
2137  301
2138  300
2139  297
2140  294
2141  294
2142  371
2143  291
2144  330
2145  294
2146  294
2147  304
2148  301
2149  298
2150  284
2151  298
2152  294
2153  297
2154  287
2155  297
2156  297
2157  297
2158  321
2159  277
2160  384
2161  267
2162  347
2163  294
2164  294
2165  314
2166  297
2167  305
2168  295
2169  297
2170  295
2171  297
2172  295
2173  294
2174  284
2175  678
2176  331
2177  331
2178  301
2179  295
2180  284
2181  297
2182  297
2183  294
2184  297
2185  297
2186  294
2187  297
2188  298
2189  521
2190  334
2191  298
2192  284
2193  284
2194  297
2195  298
2196  297
2197  283
2198  283
2199  297
2200  298
2201  298
2202  284
2203  297
2204  293
2205  327
2206  294
2207  317
2208  298
2209  298
2210  297
2211  294
2212  297
2213  284
2214  285
2215  291
2216  294
2217  288
2218  294
2219  297
2220  301
2221  298
2222  298
2223  297
2224  298
2225  672
2226  381
2227  317
2228  288
2229  296
2230  318
2231  298
2232  298
2233  297
2234  438
2235  377
2236  348
2237  297
2238  294
2239  297
2240  297
2241  297
2242  294
2243  297
2244  294
2245  293
2246  295
2247  298
2248  298
2249  294
2250  298
2251  296
2252  284
2253  297
2254  311
2255  321
2256  297
2257  294
2258  297
2259  290
2260  298
2261  277
2262  287
2263  300
2264  298
2265  294
2266  294
2267  283
2268  297
2269  297
2270  283
2271  305
2272  294
2273  669
2274  298
2275  293
2276  298
2277  295
2278  295
2279  298
2280  294
2281  328
2282  741
2283  371
2284  283
2285  301
2286  297
2287  286
2288  297
2289  294
2290  301
2291  297
2292  294
2293  304
2294  294
2295  298
2296  297
2297  298
2298  296
2299  333
2300  295
2301  294
2302  314
2303  321
2304  298
2305  298
2306  304
2307  297
2308  297
2309  294
2310  293
2311  293
2312  297
2313  301
2314  296
2315  297
2316  298
2317  305
2318  294
2319  297
2320  288
2321  297
2322  297
2323  672
2324  384
2325  314
2326  664
2327  415
2328  427
2329  337
2330  314
2331  296
2332  284
2333  298
2334  287
2335  307
2336  294
2337  298
2338  293
2339  295
2340  297
2341  298
2342  297
2343  297
2344  294
2345  318
2346  301
2347  294
2348  297
2349  303
2350  298
2351  337
2352  277
2353  284
2354  284
2355  284
2356  287
2357  285
2358  288
2359  284
2360  284
2361  294
2362  321
2363  288
2364  288
2365  284
2366  287
2367  294
2368  300
2369  297
2370  297
2371  295
2372  293
2373  666
2374  682
2375  304
2376  327
2377  297
2378  294
2379  294
2380  285
2381  294
2382  291
2383  298
2384  298
2385  297
2386  287
2387  294
2388  294
2389  294
2390  295
2391  298
2392  295
2393  328
2394  297
2395  300
2396  298
2397  452
2398  565
2399  535
2400  551
2401  515
2402  354
2403  294
2404  283
2405  293
2406  294
2407  308
2408  298
2409  304
2410  294
2411  291
2412  298
2413  297
2414  297
2415  298
2416  295
2417  295
2418  296
2419  297
2420  294
2421  772
2422  448
2423  293
2424  294
2425  297
2426  297
2427  297
2428  296
2429  294
2430  288
2431  297
2432  297
2433  294
2434  294
2435  298
2436  295
2437  338
2438  294
2439  294
2440  298
2441  284
2442  284
2443  294
2444  298
2445  294
2446  294
2447  304
2448  320
2449  293
2450  284
2451  293
2452  294
2453  284
2454  317
2455  284
2456  287
2457  294
2458  293
2459  297
2460  288
2461  284
2462  293
2463  293
2464  298
2465  297
2466  297
2467  297
2468  447
2469  328
2470  293
2471  620
2472  309
2473  311
2474  274
2475  278
2476  262
2477  274
2478  275
2479  271
2480  275
2481  275
2482  274
2483  275
2484  277
2485  274
2486  328
2487  297
2488  293
2489  294
2490  297
2491  301
2492  297
2493  301
2494  297
2495  297
2496  551
2497  468
2498  577
2499  534
2500  454
2501  605
2502  514
2503  294
2504  294
2505  308
2506  297
2507  285
2508  301
2509  294
2510  294
2511  298
2512  298
2513  291
2514  297
2515  301
2516  377
2517  300
2518  297
2519  318
2520  304
2521  294
2522  297
2523  300
2524  335
2525  297
2526  294
2527  428
2528  301
2529  293
2530  293
2531  298
2532  298
2533  294
2534  297
2535  671
2536  351
2537  337
2538  298
2539  295
2540  295
2541  297
2542  285
2543  297
2544  308
2545  297
2546  294
2547  294
2548  297
2549  298
2550  297
2551  297
2552  298
2553  297
2554  297
2555  301
2556  301
2557  301
2558  381
2559  451
2560  287
2561  294
2562  321
2563  301
2564  297
2565  298
2566  294
2567  296
2568  431
2569  298
2570  285
2571  318
2572  298
2573  301
2574  321
2575  298
2576  298
2577  294
2578  296
2579  298
2580  294
2581  293
2582  311
2583  297
2584  295
2585  675
2586  338
2587  297
2588  286
2589  288
2590  283
2591  331
2592  288
2593  294
2594  284
2595  294
2596  293
2597  298
2598  297
2599  295
2600  284
2601  297
2602  297
2603  414
2604  391
2605  320
2606  297
2607  321
2608  300
2609  293
2610  297
2611  328
2612  301
2613  283
2614  298
2615  293
2616  297
2617  294
2618  295
2619  296
2620  297
2621  298
2622  321
2623  298
2624  297
2625  297
2626  297
2627  294
2628  294
2629  297
2630  283
2631  298
2632  301
2633  848
2634  494
2635  405
2636  494
2637  320
2638  313
2639  311
2640  304
2641  315
2642  314
2643  315
2644  301
2645  311
2646  431
2647  330
2648  294
2649  671
2650  354
2651  298
2652  298
2653  298
2654  294
2655  301
2656  294
2657  331
2658  297
2659  294
2660  297
2661  297
2662  294
2663  298
2664  298
2665  294
2666  298
2667  297
2668  294
2669  296
2670  296
2671  297
2672  298
2673  294
2674  344
2675  294
2676  294
2677  291
2678  293
2679  277
2680  295
2681  297
2682  297
2683  295
2684  297
2685  294
2686  296
2687  294
2688  331
2689  293
2690  300
2691  672
2692  337
2693  295
2694  284
2695  294
2696  294
2697  676
2698  364
2699  345
2700  294
2701  295
2702  285
2703  327
2704  301
2705  297
2706  287
2707  298
2708  283
2709  298
2710  293
2711  297
2712  294
2713  294
2714  294
2715  294
2716  294
2717  285
2718  330
2719  285
2720  284
2721  284
2722  388
2723  321
2724  297
2725  301
2726  288
2727  294
2728  294
2729  300
2730  294
2731  298
2732  284
2733  297
2734  314
2735  294
2736  284
2737  297
2738  288
2739  297
2740  297
2741  300
2742  293
2743  294
2744  293
2745  294
2746  294
2747  671
2748  374
2749  298
2750  297
2751  331
2752  298
2753  293
2754  284
2755  294
2756  294
2757  296
2758  293
2759  297
2760  283
2761  295
2762  296
2763  297
2764  297
2765  294
2766  354
2767  298
2768  283
2769  294
2770  291
2771  328
2772  344
2773  290
2774  303
2775  298
2776  297
2777  296
2778  294
2779  305
2780  295
2781  328
2782  294
2783  297
2784  284
2785  297
2786  301
2787  284
2788  297
2789  297
2790  296
2791  283
2792  294
2793  301
2794  294
2795  675
2796  404
2797  354
2798  301
2799  424
2800  454
2801  331
2802  294
2803  295
2804  294
2805  298
2806  291
2807  297
2808  300
2809  294
2810  298
2811  327
2812  297
2813  297
2814  294
2815  294
2816  284
2817  305
2818  295
2819  337
2820  295
2821  295
2822  284
2823  294
2824  297
2825  296
2826  344
2827  281
2828  284
2829  298
2830  285
2831  294
2832  281
2833  298
2834  298
2835  287
2836  298
2837  297
2838  297
2839  297
2840  308
2841  265
2842  274
2843  616
2844  339
2845  274
2846  271
2847  274
2848  275
2849  271
2850  382
2851  312
2852  275
2853  271
2854  278
2855  271
2856  274
2857  274
2858  298
2859  300
2860  300
2861  294
2862  294
2863  296
2864  297
2865  295
2866  444
2867  308
2868  320
2869  293
2870  297
2871  297
2872  305
2873  294
2874  294
2875  294
2876  294
2877  297
2878  297
2879  298
2880  298
2881  297
2882  294
2883  298
2884  298
2885  295
2886  297
2887  287
2888  303
2889  297
2890  297
2891  667
2892  351
2893  295
2894  295
2895  293
2896  298
2897  297
2898  297
2899  296
2900  298
2901  297
2902  297
2903  295
2904  331
2905  301
2906  297
2907  297
2908  293
2909  297
2910  300
2911  297
2912  284
2913  301
2914  375
2915  298
2916  297
2917  297
2918  321
2919  298
2920  293
2921  297
2922  283
2923  297
2924  283
2925  293
2926  288
2927  296
2928  294
2929  298
2930  297
2931  421
2932  534
2933  505
2934  518
2935  335
2936  324
2937  290
2938  294
2939  295
2940  298
2941  297
2942  294
2943  284
2944  336
2945  274
2946  272
2947  275
2948  262
2949  274
2950  274
2951  274
2952  277
2953  275
2954  272
2955  272
2956  271
2957  623
2958  274
2959  307
2960  288
2961  293
2962  297
2963  297
2964  297
2965  297
2966  297
2967  294
2968  295
2969  298
2970  298
2971  298
2972  297
2973  311
2974  298
2975  294
2976  298
2977  297
2978  294
2979  296
2980  327
2981  296
2982  297
2983  294
2984  468
2985  338
2986  334
2987  294
2988  287
2989  361
2990  327
2991  320
2992  297
2993  300
2994  280
2995  287
2996  294
2997  294
2998  293
2999  298
3000  296
3001  271
3002  262
3003  314
3004  266
3005  274
3006  275
3007  275
3008  275
3009  274
3010  274
3011  274
3012  275
3013  275
3014  271
3015  314
3016  275
3017  265
3018  280
3019  275
3020  272
3021  620
3022  281
3023  274
3024  274
3025  275
3026  265
3027  581
3028  297
3029  298
3030  297
3031  297
3032  297
3033  297
3034  294
3035  294
3036  284
3037  295
3038  295
3039  294
3040  288
3041  301
3042  298
3043  297
3044  321
3045  294
3046  294
3047  295
3048  294
3049  298
3050  285
3051  301
3052  418
3053  278
3054  304
3055  293
3056  297
3057  293
3058  296
3059  297
3060  297
3061  293
3062  295
3063  301
3064  293
3065  294
3066  451
3067  296
3068  271
3069  265
3070  278
3071  275
3072  272
3073  274
3074  262
3075  275
3076  275
3077  274
3078  272
3079  275
3080  274
3081  272
3082  293
3083  271
3084  275
3085  275
3086  252
3087  617
3088  339
3089  275
3090  272
3091  271
3092  271
3093  275
3094  262
3095  271
3096  271
3097  328
3098  293
3099  294
3100  294
3101  297
3102  281
3103  294
3104  285
3105  293
3106  287
3107  297
3108  297
3109  298
3110  317
3111  330
3112  294
3113  494
3114  311
3115  318
3116  283
3117  298
3118  301
3119  294
3120  295
3121  287
3122  295
3123  297
3124  324
3125  297
3126  284
3127  297
3128  295
3129  300
3130  285
3131  288
3132  324
3133  293
3134  293
3135  297
3136  301
3137  521
3138  349
3139  271
3140  274
3141  271
3142  275
3143  271
3144  275
3145  271
3146  275
3147  271
3148  275
3149  272
3150  275
3151  626
3152  336
3153  272
3154  305
3155  277
3156  274
3157  274
3158  271
3159  277
3160  271
3161  271
3162  275
3163  274
3164  401
3165  307
3166  298
3167  297
3168  291
3169  295
3170  294
3171  391
3172  311
3173  294
3174  284
3175  288
3176  371
3177  344
3178  293
3179  295
3180  296
3181  293
3182  298
3183  293
3184  287
3185  298
3186  297
3187  297
3188  287
3189  293
3190  324
3191  287
3192  298
3193  297
3194  301
3195  297
3196  304
3197  301
3198  298
3199  675
3200  367
3201  341
3202  294
3203  404
3204  325
3205  297
3206  331
3207  295
3208  298
3209  294
3210  298
3211  298
3212  297
3213  298
3214  284
3215  294
3216  291
3217  411
3218  458
3219  558
3220  534
3221  548
3222  380
3223  296
3224  284
3225  291
3226  297
3227  287
3228  294
3229  293
3230  298
3231  301
3232  285
3233  285
3234  294
3235  297
3236  294
3237  294
3238  288
3239  295
3240  294
3241  330
3242  294
3243  296
3244  275
3245  262
3246  275
3247  275
3248  275
3249  262
3250  274
3251  278
3252  259
3253  278
3254  262
3255  272
3256  271
3257  274
3258  275
3259  275
3260  272
3261  274
3262  274
3263  296
3264  271
3265  262
3266  271
3267  274
3268  275
3269  272
3270  404
3271  297
3272  271
3273  271
3274  272
3275  272
3276  272
3277  259
3278  274
3279  278
3280  265
3281  620
3282  272
3283  328
3284  317
3285  297
3286  294
3287  298
3288  297
3289  295
3290  298
3291  284
3292  287
3293  298
3294  298
3295  294
3296  311
3297  296
3298  297
3299  300
3300  301
3301  298
3302  341
3303  294
3304  287
3305  298
3306  404
3307  321
3308  304
3309  297
3310  304
3311  294
3312  294
3313  301
3314  297
3315  301
3316  298
3317  297
3318  297
3319  298
3320  294
3321  283
3322  268
3323  268
3324  293
3325  274
3326  306
3327  296
3328  274
3329  274
3330  274
3331  274
3332  265
3333  271
3334  262
3335  296
3336  278
3337  272
3338  274
3339  272
3340  271
3341  274
3342  275
3343  274
3344  274
3345  633
3346  348
3347  275
3348  272
3349  277
3350  551
3351  294
3352  297
3353  293
3354  298
3355  284
3356  294
3357  297
3358  284
3359  297
3360  294
3361  294
3362  297
3363  314
3364  300
3365  298
3366  328
3367  287
3368  641
3369  298
3370  297
3371  293
3372  294
3373  294
3374  297
3375  294
3376  324
3377  297
3378  298
3379  301
3380  297
3381  297
3382  283
3383  301
3384  297
3385  298
3386  294
3387  317
3388  290
3389  274
3390  308
3391  272
3392  272
3393  275
3394  275
3395  275
3396  272
3397  271
3398  265
3399  274
3400  274
3401  292
3402  265
3403  275
3404  272
3405  275
3406  272
3407  275
3408  290
3409  271
3410  299
3411  293
3412  364
3413  327
3414  284
3415  275
3416  275
3417  386
3418  297
3419  271
3420  265
3421  271
3422  271
3423  272
3424  262
3425  638
3426  418
3427  297
3428  294
3429  298
3430  294
3431  298
3432  294
3433  298
3434  297
3435  294
3436  297
3437  297
3438  331
3439  301
3440  294
3441  298
3442  291
3443  297
3444  294
3445  298
3446  318
3447  298
3448  277
3449  298
3450  527
3451  301
3452  298
3453  297
3454  295
3455  297
3456  297
3457  294
3458  294
3459  298
3460  297
3461  296
3462  377
3463  265
3464  274
3465  271
3466  275
3467  293
3468  268
3469  441
3470  450
3471  502
3472  447
3473  349
3474  306
3475  281
3476  268
3477  271
3478  262
3479  265
3480  275
3481  274
3482  274
3483  265
3484  265
3485  274
3486  284
3487  318
3488  274
3489  274
3490  271
3491  271
3492  275
3493  272
3494  272
3495  256
3496  271
3497  272
3498  271
3499  275
3500  274
3501  245
3502  251
3503  243
3504  244
3505  252
3506  243
3507  576
3508  295
3509  252
3510  244
3511  255
3512  256
3513  256
3514  243
3515  244
3516  251
3517  325
3518  297
3519  294
3520  295
3521  297
3522  295
3523  298
3524  297
3525  293
3526  297
3527  498
3528  331
3529  298
3530  301
3531  297
3532  285
3533  296
3534  294
3535  297
3536  298
3537  284
3538  287
3539  287
3540  295
3541  318
3542  297
3543  294
3544  297
3545  301
3546  294
3547  355
3548  294
3549  300
3550  294
3551  288
3552  298
3553  398
3554  296
3555  284
3556  262
3557  271
3558  287
3559  271
3560  274
3561  274
3562  271
3563  274
3564  275
3565  315
3566  272
3567  293
3568  281
3569  275
3570  275
3571  262
3572  275
3573  262
3574  274
3575  275
3576  274
3577  272
3578  296
3579  265
3580  265
3581  271
3582  262
3583  262
3584  284
3585  275
3586  275
3587  625
3588  327
3589  264
3590  266
3591  408
3592  300
3593  281
3594  261
3595  264
3596  263
3597  260
3598  267
3599  264
3600  263
3601  267
3602  266
3603  268
3604  264
3605  287
3606  278
3607  275
3608  265
3609  278
3610  275
3611  270
3612  264
3613  265
3614  264
3615  267
3616  264
3617  417
3618  275
3619  296
3620  271
3621  274
3622  274
3623  278
3624  275
3625  271
3626  272
3627  271
3628  274
3629  287
3630  338
3631  294
3632  297
3633  286
3634  297
3635  297
3636  298
3637  297
3638  294
3639  293
3640  294
3641  294
3642  297
3643  298
3644  285
3645  297
3646  284
3647  294
3648  297
3649  337
3650  281
3651  311
3652  298
3653  345
3654  341
3655  284
3656  298
3657  298
3658  298
3659  297
3660  285
3661  284
3662  297
3663  358
3664  294
3665  299
3666  274
3667  271
3668  317
3669  268
3670  271
3671  278
3672  275
3673  275
3674  272
3675  275
3676  274
3677  275
3678  274
3679  271
3680  272
3681  271
3682  275
3683  274
3684  274
3685  617
3686  315
3687  441
3688  337
3689  293
3690  291
3691  293
3692  294
3693  294
3694  297
3695  296
3696  297
3697  301
3698  295
3699  295
3700  327
3701  284
3702  284
3703  288
3704  320
3705  298
3706  298
3707  297
3708  297
3709  297
3710  297
3711  327
3712  301
3713  391
3714  295
3715  300
3716  288
3717  298
3718  294
3719  295
3720  297
3721  307
3722  324
3723  296
3724  274
3725  272
3726  263
3727  271
3728  262
3729  265
3730  256
3731  265
3732  265
3733  272
3734  262
3735  330
3736  266
3737  262
3738  265
3739  256
3740  272
3741  274
3742  263
3743  308
3744  420
3745  324
3746  262
3747  290
3748  271
3749  277
3750  278
3751  274
3752  274
3753  266
3754  262
3755  263
3756  262
3757  274
3758  275
3759  266
3760  251
3761  255
3762  252
3763  246
3764  252
3765  243
3766  253
3767  252
3768  247
3769  256
3770  260
3771  257
3772  263
3773  275
3774  243
3775  253
3776  255
3777  256
3778  253
3779  252
3780  254
3781  578
3782  244
3783  244
3784  252
3785  252
3786  326
3787  407
3788  298
3789  294
3790  297
3791  298
3792  293
3793  297
3794  284
3795  294
3796  287
3797  300
3798  458
3799  625
3800  344
3801  298
3802  297
3803  285
3804  294
3805  283
3806  294
3807  288
3808  297
3809  284
3810  315
3811  301
3812  287
3813  294
3814  297
3815  283
3816  300
3817  298
3818  297
3819  357
3820  284
3821  315
3822  274
3823  272
3824  275
3825  275
3826  265
3827  265
3828  274
3829  271
3830  275
3831  274
3832  275
3833  317
3834  265
3835  265
3836  262
3837  262
3838  275
3839  272
3840  274
3841  274
3842  272
3843  380
3844  355
3845  275
3846  274
3847  620
3848  324
3849  317
3850  274
3851  274
3852  275
3853  327
3854  287
3855  294
3856  294
3857  297
3858  294
3859  297
3860  297
3861  297
3862  294
3863  294
3864  331
3865  327
3866  298
3867  297
3868  293
3869  288
3870  298
3871  294
3872  298
3873  294
3874  388
3875  411
3876  305
3877  297
3878  294
3879  298
3880  286
3881  298
3882  294
3883  298
3884  341
3885  301
3886  302
3887  281
3888  275
3889  274
3890  275
3891  416
3892  281
3893  272
3894  274
3895  274
3896  281
3897  290
3898  262
3899  302
3900  271
3901  274
3902  318
3903  302
3904  262
3905  271
3906  275
3907  271
3908  275
3909  302
3910  275
3911  274
3912  274
3913  265
3914  275
3915  272
3916  274
3917  274
3918  271
3919  274
3920  274
3921  281
3922  255
3923  255
3924  251
3925  255
3926  256
3927  255
3928  255
3929  255
3930  254
3931  338
3932  335
3933  256
3934  281
3935  255
3936  255
3937  246
3938  258
3939  254
3940  258
3941  253
3942  251
3943  254
3944  255
3945  255
3946  280
3947  251
3948  253
3949  255
3950  256
3951  261
3952  255
3953  255
3954  255
3955  252
3956  253
3957  254
3958  246
3959  281
3960  229
3961  229
3962  239
3963  238
3964  238
3965  239
3966  236
3967  238
3968  239
3969  236
3970  335
3971  241
3972  259
3973  234
3974  238
3975  256
3976  238
3977  675
3978  341
3979  338
3980  297
3981  301
3982  294
3983  297
3984  297
3985  295
3986  331
3987  283
3988  285
3989  298
3990  284
3991  293
3992  287
3993  294
3994  287
3995  318
3996  298
3997  324
3998  297
3999  294
4000  298
4001  298
4002  291
4003  284
4004  298
4005  284
4006  286
4007  294
4008  296
4009  274
4010  275
4011  271
4012  275
4013  265
4014  262
4015  272
4016  262
4017  262
4018  274
4019  312
4020  272
4021  296
4022  286
4023  278
4024  275
4025  274
4026  274
4027  274
4028  275
4029  364
4030  299
4031  320
4032  265
4033  266
4034  262
4035  271
4036  272
4037  274
4038  274
4039  274
4040  274
4041  274
4042  261
4043  253
4044  246
4045  254
4046  253
4047  251
4048  256
4049  252
4050  294
4051  252
4052  246
4053  253
4054  255
4055  276
4056  255
4057  251
4058  254
4059  254
4060  247
4061  257
4062  254
4063  255
4064  251
4065  254
4066  251
4067  270
4068  326
4069  253
4070  255
4071  256
4072  254
4073  252
4074  260
4075  243
4076  254
4077  245
4078  235
4079  255
4080  240
4081  238
4082  238
4083  238
4084  238
4085  236
4086  407
4087  248
4088  232
4089  238
4090  236
4091  235
4092  316
4093  316
4094  236
4095  268
4096  238
4097  255
4098  379
4099  429
4100  448
4101  463
4102  293
4103  249
4104  274
4105  240
4106  231
4107  240
4108  241
4109  245
4110  245
4111  241
4112  241
4113  243
4114  240
4115  243
4116  241
4117  250
4118  226
4119  233
4120  228
4121  506
4122  278
4123  226
4124  218
4125  226
4126  218
4127  225
4128  225
4129  225
4130  215
4131  228
4132  306
4133  243
4134  334
4135  298
4136  297
4137  301
4138  318
4139  307
4140  301
4141  294
4142  301
4143  298
4144  334
4145  296
4146  297
4147  300
4148  304
4149  303
4150  297
4151  308
4152  305
4153  301
4154  303
4155  417
4156  336
4157  327
4158  291
4159  290
4160  288
4161  297
4162  287
4163  288
4164  297
4165  312
4166  284
4167  274
4168  277
4169  277
4170  277
4171  277
4172  275
4173  277
4174  290
4175  259
4176  312
4177  287
4178  277
4179  278
4180  278
4181  275
4182  278
4183  277
4184  268
4185  274
4186  275
4187  598
4188  327
4189  284
4190  278
4191  416
4192  278
4193  268
4194  278
4195  278
4196  277
4197  277
4198  281
4199  264
4200  251
4201  247
4202  247
4203  250
4204  246
4205  258
4206  258
4207  258
4208  263
4209  280
4210  312
4211  258
4212  258
4213  258
4214  261
4215  254
4216  258
4217  258
4218  255
4219  257
4220  260
4221  254
4222  277
4223  260
4224  260
4225  260
4226  258
4227  393
4228  278
4229  258
4230  258
4231  258
4232  255
4233  258
4234  243
4235  241
4236  233
4237  238
4238  248
4239  238
4240  240
4241  240
4242  240
4243  240
4244  252
4245  360
4246  257
4247  241
4248  239
4249  240
4250  240
4251  240
4252  238
4253  241
4254  241
4255  243
4256  243
4257  241
4258  234
4259  241
4260  243
4261  241
4262  260
4263  243
4264  240
4265  240
4266  243
4267  241
4268  238
4269  241
4270  241
4271  243
4272  220
4273  223
4274  216
4275  223
4276  218
4277  225
4278  210
4279  241
4280  222
4281  225
4282  226
4283  227
4284  223
4285  237
4286  225
4287  229
4288  228
4289  224
4290  217
4291  226
4292  225
4293  225
4294  222
4295  223
4296  218
4297  251
4298  225
4299  231
4300  217
4301  226
4302  215
4303  226
4304  225
4305  223
4306  228
4307  226
4308  218
4309  293
4310  212
4311  216
4312  269
4313  225
4314  222
4315  203
4316  206
4317  212
4318  210
4319  212
4320  212
4321  203
4322  212
4323  210
4324  210
4325  212
4326  219
4327  212
4328  203
4329  212
4330  216
4331  210
4332  214
4333  210
4334  206
4335  213
4336  212
4337  212
4338  212
4339  215
4340  214
4341  209
4342  205
4343  210
4344  347
4345  224
4346  210
4347  212
4348  206
4349  675
4350  334
4351  303
4352  296
4353  366
4354  363
4355  305
4356  297
4357  300
4358  301
4359  298
4360  297
4361  291
4362  294
4363  294
4364  328
4365  343
4366  334
4367  301
4368  308
4369  301
4370  296
4371  297
4372  301
4373  297
4374  367
4375  229
4376  307
4377  297
4378  300
4379  298
4380  301
4381  296
4382  290
4383  324
4384  308
4385  275
4386  278
4387  265
4388  278
4389  281
4390  274
4391  274
4392  277
4393  278
4394  274
4395  314
4396  281
4397  280
4398  271
4399  275
4400  308
4401  296
4402  283
4403  277
4404  277
4405  293
4406  382
4407  278
4408  275
4409  278
4410  277
4411  275
4412  278
4413  280
4414  277
4415  280
4416  294
4417  484
4418  260
4419  257
4420  255
4421  254
4422  257
4423  257
4424  246
4425  257
4426  258
4427  269
4428  260
4429  258
4430  260
4431  258
4432  254
4433  278
4434  255
4435  350
4436  350
4437  356
4438  346
4439  255
4440  250
4441  258
4442  258
4443  258
4444  258
4445  255
4446  258
4447  261
4448  247
4449  254
4450  278
4451  236
4452  238
4453  239
4454  238
4455  241
4456  232
4457  238
4458  234
4459  241
4460  241
4461  370
4462  260
4463  240
4464  248
4465  240
4466  240
4467  238
4468  263
4469  234
4470  239
4471  240
4472  238
4473  240
4474  272
4475  238
4476  243
4477  240
4478  241
4479  238
4480  231
4481  238
4482  240
4483  290
4484  241
4485  250
4486  243
4487  225
4488  225
4489  228
4490  225
4491  225
4492  225
4493  225
4494  227
4495  225
4496  222
4497  226
4498  225
4499  228
4500  223
4501  226
4502  238
4503  226
4504  225
4505  225
4506  225
4507  225
4508  226
4509  223
4510  225
4511  226
4512  300
4513  226
4514  225
4515  226
4516  226
4517  223
4518  227
4519  218
4520  222
4521  225
4522  471
4523  421
4524  423
4525  321
4526  298
4527  373
4528  246
4529  207
4530  212
4531  222
4532  212
4533  205
4534  212
4535  212
4536  197
4537  205
4538  212
4539  212
4540  210
4541  205
4542  210
4543  681
4544  321
4545  331
4546  300
4547  301
4548  305
4549  297
4550  301
4551  298
4552  300
4553  408
4554  337
4555  297
4556  304
4557  365
4558  344
4559  270
4560  294
4561  301
4562  291
4563  290
4564  333
4565  311
4566  297
4567  250
4568  298
4569  304
4570  300
4571  297
4572  300
4573  298
4574  278
4575  288
4576  269
4577  261
4578  266
4579  270
4580  278
4581  278
4582  269
4583  277
4584  269
4585  267
4586  276
4587  268
4588  273
4589  269
4590  266
4591  266
4592  278
4593  270
4594  270
4595  260
4596  258
4597  266
4598  273
4599  260
4600  260
4601  269
4602  258
4603  272
4604  267
4605  266
4606  283
4607  323
4608  271
4609  250
4610  295
4611  269
4612  248
4613  257
4614  250
4615  256
4616  243
4617  250
4618  254
4619  243
4620  249
4621  253
4622  248
4623  262
4624  240
4625  281
4626  276
4627  250
4628  242
4629  265
4630  280
4631  250
4632  250
4633  249
4634  250
4635  250
4636  250
4637  258
4638  259
4639  250
4640  243
4641  263
4642  242
4643  246
4644  245
4645  243
4646  236
4647  235
4648  228
4649  235
4650  236
4651  236
4652  235
4653  236
4654  253
4655  233
4656  238
4657  241
4658  233
4659  232
4660  236
4661  233
4662  233
4663  244
4664  239
4665  290
4666  248
4667  333
4668  243
4669  243
4670  238
4671  239
4672  228
4673  351
4674  236
4675  221
4676  228
4677  235
4678  236
4679  236
4680  224
4681  222
4682  222
4683  224
4684  226
4685  233
4686  222
4687  222
4688  219
4689  215
4690  229
4691  221
4692  229
4693  223
4694  221
4695  221
4696  219
4697  229
4698  219
4699  219
4700  223
4701  219
4702  212
4703  222
4704  222
4705  229
4706  222
4707  222
4708  296
4709  434
4710  363
4711  271
4712  224
4713  225
4714  224
4715  219
4716  229
4717  208
4718  211
4719  209
4720  218
4721  247
4722  204
4723  208
4724  211
4725  206
4726  211
4727  208
4728  213
4729  206
4730  211
4731  348
4732  204
4733  195
4734  198
4735  195
4736  199
4737  195
4738  225
4739  196
4740  200
4741  202
4742  201
4743  204
4744  199
4745  238
4746  216
4747  205
4748  199
4749  211
4750  200
4751  205
4752  205
4753  200
4754  248
4755  216
4756  199
4757  211
4758  222
4759  192
4760  187
4761  190
4762  193
4763  193
4764  193
4765  185
4766  191
4767  189
4768  191
4769  187
4770  192
4771  185
4772  188
4773  212
4774  193
4775  189
4776  191
4777  188
4778  187
4779  187
4780  187
4781  191
4782  193
4783  191
4784  191
4785  185
4786  176
4787  191
4788  202
4789  189
4790  191
4791  187
4792  188
4793  193
4794  193
4795  285
4796  199
4797  191
4798  183
4799  189
4800  274
4801  205
4802  219
4803  184
4804  181
4805  185
4806  181
4807  179
4808  180
4809  182
4810  181
4811  251
4812  189
4813  190
4814  180
4815  181
4816  178
4817  201
4818  185
4819  183
4820  181
4821  180
4822  180
4823  180
4824  183
4825  180
4826  181
4827  180
4828  182
4829  183
4830  181
4831  184
4832  254
4833  183
4834  198
4835  181
4836  181
4837  180
4838  181
4839  181
4840  180
4841  181
4842  181
4843  180
4844  179
4845  183
4846  183
4847  198
4848  173
4849  167
4850  184
4851  187
4852  169
4853  169
4854  238
4855  164
4856  179
4857  171
4858  170
4859  169
4860  171
4861  170
4862  169
4863  195
4864  173
4865  170
4866  176
4867  170
4868  171
4869  170
4870  178
4871  169
4872  169
4873  169
4874  177
4875  169
4876  168
4877  168
4878  170
4879  352
4880  330
4881  273
4882  316
4883  422
4884  243
4885  268
4886  304
4887  259
4888  247
4889  310
4890  456
4891  163
4892  178
4893  157
4894  167
4895  163
4896  179
4897  162
4898  163
4899  163
4900  165
4901  164
4902  159
4903  163
4904  167
4905  159
4906  157
4907  162
4908  187
4909  167
4910  170
4911  161
4912  168
4913  165
4914  164
4915  164
4916  172
4917  164
4918  163
4919  165
4920  164
4921  165
4922  163
4923  164
4924  165
4925  183
4926  163
4927  247
4928  172
4929  167
4930  163
4931  164
4932  163
4933  165
4934  167
4935  164
4936  164
4937  165
4938  164
4939  163
4940  162
4941  171
4942  159
4943  167
4944  157
4945  156
4946  157
4947  157
4948  156
4949  151
4950  159
4951  151
4952  157
4953  156
4954  155
4955  157
4956  288
4957  174
4958  173
4959  168
4960  157
4961  157
4962  179
4963  159
4964  156
4965  159
4966  159
4967  158
4968  152
4969  160
4970  153
4971  161
4972  157
4973  156
4974  170
4975  160
4976  157
4977  159
4978  151
4979  156
4980  157
4981  152
4982  158
4983  152
4984  157
4985  160
4986  158
4987  159
4988  159
4989  153
4990  1220
4991  158
4992  170
4993  149
4994  151
4995  151
4996  153
4997  152
4998  146
4999  151
5000  162
5001  151
5002  151
5003  150
5004  152
5005  150
5006  198
5007  148
5008  152
5009  164
5010  152
5011  149
5012  151
5013  146
5014  151
5015  144
5016  145
5017  154
5018  151
5019  144
5020  152
5021  179
5022  151
5023  152
5024  149
5025  152
5026  143
5027  175
5028  150
5029  173
5030  149
5031  150
5032  152
5033  153
5034  146
5035  150
5036  151
5037  151
5038  156
5039  157
5040  153
5041  151
5042  151
5043  150
5044  372
5045  159
5046  145
5047  143
5048  148
5049  145
5050  135
5051  142
5052  145
5053  153
5054  148
5055  145
5056  145
5057  145
5058  146
5059  142
5060  148
5061  145
5062  154
5063  142
5064  143
5065  141
5066  143
5067  144
5068  137
5069  145
5070  134
5071  140
5072  140
5073  147
5074  145
5075  145
5076  137
5077  143
5078  145
5079  145
5080  155
5081  149
5082  145
5083  138
5084  154
5085  145
5086  159
5087  154
5088  144
5089  146
5090  145
5091  145
5092  145
5093  144
5094  145
5095  138
5096  140
5097  145
5098  148
5099  132
5100  155
5101  140
5102  149
5103  139
5104  139
5105  139
5106  137
5107  139
5108  139
5109  139
5110  201
5111  201
5112  159
5113  129
5114  137
5115  137
5116  214
5117  145
5118  141
5119  137
5120  134
5121  139
5122  142
5123  139
5124  140
5125  139
5126  138
5127  139
5128  139
5129  137
5130  141
5131  153
5132  216
5133  178
5134  137
5135  240
5136  137
5137  139
5138  141
5139  139
5140  139
5141  139
5142  137
5143  142
5144  135
5145  140
5146  140
5147  139
5148  139
5149  138
5150  134
5151  140
5152  133
5153  139
5154  139
5155  130
5156  138
5157  131
5158  130
5159  155
5160  129
5161  131
5162  126
5163  129
5164  130
5165  129
5166  131
5167  132
5168  130
5169  130
5170  139
5171  140
5172  130
5173  157
5174  131
5175  139
5176  135
5177  139
5178  132
5179  129
5180  139
5181  130
5182  133
5183  128
5184  131
5185  139
5186  136
5187  130
5188  129
5189  130
5190  138
5191  141
5192  153
5193  141
5194  131
5195  131
5196  133
5197  133
5198  131
5199  132
5200  130
5201  131
5202  138
5203  140
5204  131
5205  132
5206  146
5207  141
5208  140
5209  131
5210  140
5211  149
5212  126
5213  127
5214  128
5215  130
5216  126
5217  130
5218  128
5219  130
5220  128
5221  130
5222  137
5223  124
5224  119
5225  133
5226  124
5227  129
5228  128
5229  131
5230  129
5231  230
5232  196
5233  214
5234  243
5235  156
5236  129
5237  138
5238  127
5239  128
5240  126
5241  129
5242  129
5243  129
5244  130
5245  123
5246  129
5247  130
5248  128
5249  149
5250  131
5251  128
5252  132
5253  144
5254  128
5255  128
5256  129
5257  126
5258  129
5259  123
5260  130
5261  130
5262  126
5263  130
5264  125
5265  126
5266  124
5267  122
5268  144
5269  126
5270  119
5271  131
5272  123
5273  120
5274  132
5275  124
5276  124
5277  124
5278  122
5279  124
5280  124
5281  123
5282  122
5283  124
5284  135
5285  120
5286  133
5287  122
5288  123
5289  123
5290  125
5291  125
5292  123
5293  123
5294  125
5295  123
5296  120
5297  132
5298  126
5299  408
5300  124
5301  122
5302  122
5303  130
5304  124
5305  130
5306  123
5307  124
5308  120
5309  133
5310  125
5311  124
5312  214
5313  125
5314  124
5315  657
5316  125
5317  134
5318  124
5319  123
5320  131
5321  124
5322  124
5323  127
5324  123
5325  119
5326  346
5327  132
5328  123
5329  122
5330  242
5331  134
5332  120
5333  188
5334  110
5335  117
5336  117
5337  117
5338  120
5339  117
5340  114
5341  120
5342  115
5343  120
5344  120
5345  119
5346  113
5347  131
5348  112
5349  122
5350  124
5351  120
5352  120
5353  121
5354  122
5355  116
5356  121
5357  120
5358  120
5359  120
5360  121
5361  113
5362  135
5363  176
5364  118
5365  120
5366  127
5367  120
5368  122
5369  121
5370  122
5371  119
5372  119
5373  121
5374  120
5375  115
5376  121
5377  121
5378  124
5379  120
5380  140
5381  120
5382  116
5383  120
5384  121
5385  121
5386  120
5387  119
5388  132
5389  122
5390  128
5391  123
5392  122
5393  121
5394  132
5395  124
5396  124
5397  121
5398  121
5399  119
5400  121
5401  119
5402  120
5403  116
5404  121
5405  119
5406  117
5407  119
5408  121
5409  131
5410  177
5411  115
5412  114
5413  115
5414  119
5415  119
5416  121
5417  124
5418  120
5419  122
5420  120
5421  120
5422  150
5423  120
5424  119
5425  147
5426  116
5427  120
5428  120
5429  120
5430  925
5431  157
5432  132
5433  119
5434  125
5435  125
5436  121
5437  122
5438  120
5439  121
5440  122
5441  120
5442  119
5443  121
5444  118
5445  119
5446  122
5447  118
5448  120
5449  228
5450  151
5451  124
5452  119
5453  113
5454  121
5455  135
5456  120
5457  120
5458  121
5459  123
5460  120
5461  120
5462  123
5463  119
5464  121
5465  119
5466  121
5467  117
5468  120
5469  123
5470  121
5471  131
5472  120
5473  120
5474  120
5475  123
5476  116
5477  116
5478  122
5479  119
5480  120
5481  120
5482  121
5483  122
5484  122
5485  119
5486  120
5487  141
5488  121
5489  120
5490  933
5491  133
5492  120
5493  123
5494  120
5495  117
5496  120
5497  120
5498  121
5499  121
5500  121
5501  120
5502  134
5503  119
5504  119
5505  120
5506  120
5507  121
5508  119
5509  122
5510  120
5511  129
5512  118
5513  119
5514  117
5515  120
5516  116
5517  131
5518  119
5519  121
5520  122
5521  120
5522  121
5523  120
5524  120
5525  120
5526  122
5527  120
5528  148
5529  121
5530  120
5531  126
5532  121
5533  119
5534  120
5535  121
5536  121
5537  120
5538  120
5539  120
5540  120
5541  120
5542  120
5543  119
5544  120
5545  130
5546  121
5547  121
5548  124
5549  121
5550  114
5551  135
5552  120
5553  121
5554  119
5555  121
5556  120
5557  113
5558  120
5559  119
5560  120
5561  120
5562  119
5563  118
5564  120
5565  120
5566  122
5567  121
5568  117
5569  120
5570  122
5571  130
5572  121
5573  122
5574  120
5575  121
5576  120
5577  120
5578  119
5579  117
5580  120
5581  120
5582  122
5583  120
5584  119
5585  121
5586  120
5587  121
5588  113
5589  119
5590  122
5591  134
5592  119
5593  324
5594  120
5595  120
5596  119
5597  120
5598  120
5599  121
5600  120
5601  121
5602  120
5603  120
5604  121
5605  121
5606  120
5607  120
5608  118
5609  121
5610  120
5611  131
5612  122
5613  120
5614  121
5615  120
5616  151
5617  119
5618  113
5619  130
5620  122
5621  122
5622  118
5623  120
5624  121
5625  120
5626  119
5627  120
5628  120
5629  122
5630  181
5631  136
5632  122
5633  119
5634  120
5635  120
5636  122
5637  120
5638  122
5639  127
5640  121
5641  182
5642  113
5643  120
5644  122
5645  119
5646  119
5647  120
5648  118
5649  121
5650  120
5651  133
5652  139
5653  648
5654  128
5655  119
5656  205
5657  184
5658  188
5659  210
5660  240
5661  221
5662  188
5663  299
5664  154
5665  185
5666  223
5667  189
5668  179
5669  222
5670  198
5671  249
5672  202
5673  220
5674  226
5675  189
5676  289
5677  182
5678  183
5679  186
5680  201
5681  210
5682  212
5683  201
5684  231
5685  175
5686  216
5687  216
5688  212
5689  379
5690  207
5691  176
5692  182
5693  281
5694  188
5695  185
5696  196
5697  198
5698  375
5699  188
5700  288
5701  243
5702  245
5703  212
5704  155
5705  170
5706  352
5707  220
5708  184
5709  227
5710  211
5711  178
5712  121
5713  120
5714  119
5715  122
5716  121
5717  120
5718  120
5719  121
5720  121
5721  119
5722  118
5723  120
5724  189
5725  155
5726  116
5727  119
5728  121
5729  123
5730  122
5731  123
5732  119
5733  121
5734  120
5735  119
5736  118
5737  121
5738  121
5739  120
5740  127
5741  120
5742  119
5743  121
5744  122
5745  120
5746  120
5747  133
5748  120
5749  121
5750  120
5751  120
5752  119
5753  120
5754  184
5755  148
5756  115
5757  124
5758  119
5759  121
5760  120
5761  120
5762  121
5763  121
5764  120
5765  121
5766  129
5767  119
5768  116
5769  116
5770  128
5771  120
5772  116
5773  121
5774  119
5775  115
5776  120
5777  121
5778  120
5779  120
5780  144
5781  119
5782  116
5783  127
5784  120
5785  128
5786  119
5787  432
5788  119
5789  119
5790  121
5791  119
5792  120
5793  120
5794  119
5795  117
5796  262
5797  167
5798  117
5799  120
5800  119
5801  122
5802  117
5803  139
5804  534
5805  120
5806  120
5807  119
5808  121
5809  116
5810  117
5811  121
5812  121
5813  121
5814  120
5815  116
5816  120
5817  119
5818  120
5819  120
5820  122
5821  121
5822  119
5823  173
5824  120
5825  117
5826  122
5827  117
5828  118
5829  133
5830  117
5831  119
5832  120
5833  120
5834  116
5835  120
5836  117
5837  121
5838  120
5839  111
5840  116
5841  125
5842  117
5843  308
5844  112
5845  172
5846  157
5847  223
5848  157
5849  120
5850  120
5851  120
5852  120
5853  117
5854  117
5855  119
5856  114
5857  121
5858  115
5859  130
5860  119
5861  120
5862  120
5863  121
5864  120
5865  121
5866  117
5867  119
5868  121
5869  117
5870  120
5871  122
5872  120
5873  123
5874  119
5875  119
5876  121
5877  120
5878  127
5879  121
5880  121
5881  121
5882  188
5883  121
5884  125
5885  119
5886  120
5887  122
5888  120
5889  122
5890  122
5891  120
5892  122
5893  120
5894  218
5895  163
5896  130
5897  132
5898  116
5899  125
5900  124
5901  122
5902  120
5903  119
5904  121
5905  119
5906  122
5907  122
5908  117
5909  116
5910  120
5911  118
5912  119
5913  166
5914  120
5915  119
5916  129
5917  123
5918  122
5919  124
5920  120
5921  116
5922  120
5923  122
5924  122
5925  122
5926  119
5927  120
5928  153
5929  117
5930  122
5931  120
5932  120
5933  121
5934  120
5935  121
5936  121
5937  121
5938  124
5939  122
5940  124
5941  125
5942  120
5943  120
5944  120
5945  121
5946  121
5947  120
5948  120
5949  120
5950  119
5951  119
5952  119
5953  114
5954  119
5955  120
5956  122
5957  117
5958  125
5959  116
5960  117
5961  121
5962  161
5963  117
5964  122
5965  119
5966  120
5967  121
5968  121
5969  121
5970  169
5971  121
5972  121
5973  125
5974  120
5975  122
5976  121
5977  120
5978  121
5979  121
5980  117
5981  119
5982  122
5983  603
5984  198
5985  126
5986  120
5987  125
5988  124
5989  119
5990  579
5991  137
5992  120
5993  120
5994  121
5995  119
5996  117
5997  117
5998  119
5999  114
6000  122
6001  121
6002  119
6003  120
6004  121
6005  133
6006  120
6007  116
6008  115
6009  129
6010  119
6011  572
6012  122
6013  120
6014  120
6015  120
6016  120
6017  119
6018  119
6019  117
6020  513
6021  219
6022  183
6023  461
6024  180
6025  146
6026  155
6027  270
6028  223
6029  230
6030  200
6031  182
6032  131
6033  134
6034  126
6035  135
6036  131
6037  124
6038  124
6039  124
6040  122
6041  110
6042  122
6043  120
6044  173
6045  121
6046  119
6047  119
6048  124
6049  120
6050  220
6051  121
6052  119
6053  115
6054  117
6055  121
6056  119
6057  120
6058  122
6059  119
6060  120
6061  117
6062  125
6063  124
6064  121
6065  120
6066  117
6067  167
6068  119
6069  134
6070  119
6071  122
6072  124
6073  121
6074  116
6075  122
6076  119
6077  148
6078  146
6079  121
6080  144
6081  185
6082  130
6083  120
6084  122
6085  122
6086  117
6087  120
6088  121
6089  121
6090  120
6091  120
6092  120
6093  121
6094  113
6095  114
6096  114
6097  121
6098  120
6099  138
6100  123
6101  129
6102  130
6103  128
6104  129
6105  127
6106  128
6107  124
6108  157
6109  126
6110  128
6111  125
6112  127
6113  126
6114  125
6115  124
6116  121
6117  138
6118  127
6119  126
6120  121
6121  127
6122  115
6123  126
6124  125
6125  127
6126  129
6127  127
6128  124
6129  125
6130  125
6131  129
6132  123
6133  131
6134  125
6135  188
6136  125
6137  122
6138  130
6139  122
6140  125
6141  128
6142  127
6143  132
6144  125
6145  125
6146  128
6147  124
6148  128
6149  126
6150  126
6151  162
6152  123
6153  129
6154  126
6155  125
6156  127
6157  125
6158  120
6159  123
6160  125
6161  124
6162  202
6163  128
6164  127
6165  125
6166  122
6167  128
6168  126
6169  131
6170  159
6171  168
6172  133
6173  122
6174  121
6175  120
6176  120
6177  118
6178  119
6179  116
6180  128
6181  120
6182  125
6183  121
6184  124
6185  121
6186  120
6187  166
6188  116
6189  127
6190  121
6191  120
6192  131
6193  117
6194  120
6195  322
6196  141
6197  121
6198  127
6199  123
6200  120
6201  120
6202  121
6203  119
6204  119
6205  121
6206  158
6207  141
6208  120
6209  120
6210  120
6211  119
6212  120
6213  119
6214  121
6215  122
6216  121
6217  120
6218  114
6219  119
6220  131
6221  121
6222  194
6223  119
6224  120
6225  118
6226  119
6227  120
6228  120
6229  119
6230  117
6231  154
6232  113
6233  121
6234  119
6235  127
6236  125
6237  121
6238  120
6239  121
6240  119
6241  123
6242  122
6243  128
6244  117
6245  121
6246  159
6247  120
6248  113
6249  119
6250  121
6251  120
6252  120
6253  120
6254  121
6255  120
6256  122
6257  153
6258  1158
6259  136
6260  121
6261  126
6262  121
6263  120
6264  119
6265  120
6266  120
6267  120
6268  121
6269  121
6270  119
6271  118
6272  114
6273  120
6274  111
6275  117
6276  121
6277  121
6278  182
6279  116
6280  119
6281  119
6282  120
6283  120
6284  121
6285  113
6286  113
6287  295
6288  119
6289  119
6290  119
6291  121
6292  120
6293  117
6294  122
6295  120
6296  113
6297  120
6298  117
6299  120
6300  168
6301  158
6302  121
6303  119
6304  120
6305  120
6306  120
6307  121
6308  185
6309  197
6310  143
6311  121
6312  121
6313  122
6314  118
6315  116
6316  116
6317  122
6318  120
6319  113
6320  119
6321  121
6322  120
6323  120
6324  119
6325  120
6326  120
6327  291
6328  118
6329  119
6330  117
6331  125
6332  117
6333  120
6334  121
6335  120
6336  120
6337  122
6338  121
6339  134
6340  119
6341  289
6342  122
6343  120
6344  121
6345  119
6346  121
6347  122
6348  223
6349  134
6350  119
6351  122
6352  124
6353  121
6354  136
6355  126
6356  120
6357  120
6358  120
6359  121
6360  120
6361  120
6362  120
6363  121
6364  115
6365  113
6366  128
6367  138
6368  163
6369  117
6370  126
6371  123
6372  121
6373  120
6374  120
6375  121
6376  120
6377  119
6378  119
6379  121
6380  111
6381  111
6382  120
6383  118
6384  119
6385  120
6386  119
6387  120
6388  122
6389  119
6390  121
6391  115
6392  121
6393  119
6394  124
6395  113
6396  119
6397  120
6398  120
6399  119
6400  121
6401  118
6402  121
6403  121
6404  120
6405  119
6406  111
6407  110
6408  120
6409  120
6410  121
6411  118
6412  120
6413  120
6414  120
6415  120
6416  121
6417  119
6418  120
6419  130
6420  119
6421  120
6422  145
6423  129
6424  130
6425  121
6426  119
6427  120
6428  119
6429  122
6430  120
6431  120
6432  118
6433  338
6434  164
6435  119
6436  133
6437  120
6438  121
6439  118
6440  120
6441  120
6442  121
6443  121
6444  115
6445  119
6446  115
6447  117
6448  120
6449  122
6450  121
6451  119
6452  119
6453  129
6454  123
6455  120
6456  120
6457  121
6458  423
6459  350
6460  118
6461  120
6462  119
6463  124
6464  120
6465  121
6466  119
6467  120
6468  121
6469  121
6470  120
6471  128
6472  121
6473  113
6474  114
6475  119
6476  120
6477  121
6478  121
6479  120
6480  119
6481  122
6482  121
6483  120
6484  117
6485  200
6486  116
6487  120
6488  130
6489  119
6490  116
6491  120
6492  120
6493  119
6494  120
6495  120
6496  119
6497  119
6498  119
6499  114
6500  120
6501  137
6502  120
6503  120
6504  121
6505  120
6506  121
6507  122
6508  119
6509  120
6510  119
6511  357
6512  115
6513  887
6514  112
6515  121
6516  121
6517  120
6518  121
6519  122
6520  121
6521  120
6522  346
6523  135
6524  143
6525  119
6526  121
6527  120
6528  122
6529  122
6530  121
6531  180
6532  120
6533  120
6534  120
6535  120
6536  119
6537  120
6538  121
6539  123
6540  124
6541  119
6542  121
6543  118
6544  121
6545  117
6546  119
6547  119
6548  120
6549  121
6550  119
6551  117
6552  117
6553  117
6554  113
6555  120
6556  119
6557  131
6558  122
6559  128
6560  120
6561  122
6562  119
6563  115
6564  868
6565  120
6566  118
6567  120
6568  120
6569  116
6570  116
6571  124
6572  127
6573  120
6574  128
6575  120
6576  120
6577  121
6578  120
6579  115
6580  121
6581  122
6582  119
6583  122
6584  122
6585  120
6586  120
6587  120
6588  120
6589  120
6590  120
6591  128
6592  118
6593  119
6594  115
6595  121
6596  120
6597  119
6598  119
6599  120
6600  121
6601  117
6602  114
6603  120
6604  138
6605  161
6606  127
6607  121
6608  128
6609  119
6610  120
6611  122
6612  120
6613  120
6614  121
6615  120
6616  120
6617  119
6618  120
6619  120
6620  122
6621  121
6622  120
6623  120
6624  117
6625  135
6626  119
6627  120
6628  121
6629  119
6630  120
6631  175
6632  120
6633  119
6634  120
6635  113
6636  122
6637  120
6638  122
6639  120
6640  118
6641  120
6642  132
6643  176
6644  119
6645  126
6646  120
6647  121
6648  125
6649  120
6650  120
6651  120
6652  117
6653  121
6654  115
6655  118
6656  119
6657  120
6658  122
6659  122
6660  120
6661  117
6662  121
6663  121
6664  120
6665  120
6666  216
6667  415
6668  117
6669  117
6670  121
6671  120
6672  122
6673  130
6674  119
6675  140
6676  119
6677  119
6678  120
6679  121
6680  122
6681  120
6682  119
6683  121
6684  115
6685  122
6686  119
6687  119
6688  122
6689  119
6690  148
6691  139
6692  125
6693  113
6694  124
6695  121
6696  122
6697  120
6698  120
6699  120
6700  121
6701  120
6702  119
6703  120
6704  122
6705  122
6706  120
6707  121
6708  131
6709  121
6710  117
6711  122
6712  120
6713  120
6714  113
6715  121
6716  120
6717  120
6718  116
6719  112
6720  121
6721  120
6722  121
6723  120
6724  117
6725  125
6726  119
6727  120
6728  120
6729  120
6730  121
6731  122
6732  116
6733  180
6734  122
6735  121
6736  121
6737  120
6738  121
6739  121
6740  120
6741  122
6742  383
6743  118
6744  120
6745  118
6746  121
6747  119
6748  175
6749  127
6750  119
6751  126
6752  123
6753  123
6754  119
6755  117
6756  118
6757  116
6758  138
6759  120
6760  120
6761  119
6762  119
6763  121
6764  122
6765  120
6766  120
6767  155
6768  125
6769  120
6770  122
6771  324
6772  121
6773  121
6774  120
6775  140
6776  119
6777  119
6778  121
6779  120
6780  119
6781  122
6782  117
6783  120
6784  120
6785  120
6786  123
6787  116
6788  120
6789  119
6790  121
6791  128
6792  121
6793  120
6794  117
6795  122
6796  122
6797  120
6798  120
6799  122
6800  120
6801  122
6802  121
6803  122
6804  119
6805  120
6806  121
6807  121
6808  135
6809  119
6810  120
6811  121
6812  122
6813  122
6814  120
6815  119
6816  120
6817  120
6818  122
6819  119
6820  194
6821  121
6822  122
6823  119
6824  124
6825  119
6826  120
6827  121
6828  120
6829  122
6830  122
6831  121
6832  300
6833  122
6834  150
6835  120
6836  120
6837  120
6838  120
6839  119
6840  119
6841  133
6842  116
6843  119
6844  125
6845  122
6846  119
6847  118
6848  119
6849  120
6850  119
6851  120
6852  190
6853  660
6854  207
6855  264
6856  156
6857  119
6858  117
6859  120
6860  123
6861  121
6862  121
6863  120
6864  122
6865  117
6866  122
6867  121
6868  120
6869  122
6870  139
6871  119
6872  144
6873  119
6874  129
6875  416
6876  196
6877  202
6878  221
6879  198
6880  129
6881  130
6882  121
6883  120
6884  120
6885  120
6886  120
6887  134
6888  121
6889  120
6890  119
6891  121
6892  118
6893  180
6894  185
6895  119
6896  120
6897  120
6898  121
6899  121
6900  120
6901  119
6902  120
6903  132
6904  119
6905  122
6906  121
6907  116
6908  125
6909  120
6910  115
6911  121
6912  120
6913  121
6914  120
6915  121
6916  120
6917  228
6918  117
6919  125
6920  117
6921  121
6922  120
6923  117
6924  119
6925  117
6926  121
6927  120
6928  120
6929  121
6930  122
6931  145
6932  145
6933  163
6934  132
6935  121
6936  121
6937  120
6938  121
6939  122
6940  119
6941  120
6942  114
6943  315
6944  117
6945  112
6946  123
6947  121
6948  120
6949  121
6950  119
6951  121
6952  127
6953  122
6954  120
6955  119
6956  406
6957  131
6958  120
6959  120
6960  119
6961  119
6962  122
6963  120
6964  121
6965  121
6966  121
6967  116
6968  131
6969  120
6970  119
6971  124
6972  120
6973  120
6974  120
6975  122
6976  121
6977  275
6978  120
6979  125
6980  125
6981  116
6982  119
6983  120
6984  136
6985  121
6986  121
6987  115
6988  120
6989  120
6990  120
6991  120
6992  114
6993  119
6994  126
6995  125
6996  120
6997  123
6998  121
6999  121
7000  123
7001  118
7002  120
7003  116
7004  123
7005  121
7006  133
7007  120
7008  121
7009  119
7010  121
7011  120
7012  120
7013  120
7014  122
7015  150
7016  313
7017  119
7018  120
7019  119
7020  120
7021  122
7022  121
7023  120
7024  120
7025  119
7026  121
7027  117
7028  120
7029  120
7030  122
7031  120
7032  120
7033  122
7034  120
7035  121
7036  119
7037  124
7038  120
7039  121
7040  122
7041  117
7042  183
7043  122
7044  122
7045  120
7046  121
7047  120
7048  122
7049  120
7050  120
7051  118
7052  128
7053  120
7054  159
7055  115
7056  122
7057  903
7058  133
7059  128
7060  120
7061  122
7062  124
7063  121
7064  126
7065  115
7066  116
7067  123
7068  119
7069  121
7070  122
7071  120
7072  123
7073  119
7074  119
7075  121
7076  111
7077  121
7078  136
7079  119
7080  133
7081  123
7082  121
7083  126
7084  120
7085  121
7086  120
7087  114
7088  120
7089  121
7090  118
7091  144
7092  119
7093  142
7094  131
7095  120
7096  134
7097  129
7098  127
7099  120
7100  115
7101  128
7102  120
7103  116
7104  119
7105  123
7106  120
7107  121
7108  117
7109  116
7110  116
7111  121
7112  135
7113  117
7114  116
7115  118
7116  115
7117  120
7118  119
7119  121
7120  121
7121  120
7122  120
7123  119
7124  117
7125  118
7126  122
7127  119
7128  135
7129  112
7130  120
7131  121
7132  121
7133  121
7134  123
7135  120
7136  114
7137  119
7138  120
7139  116
7140  118
7141  120
7142  116
7143  119
7144  131
7145  120
7146  123
7147  120
7148  118
7149  121
7150  122
7151  143
7152  120
7153  120
7154  115
7155  121
7156  121
7157  153
7158  131
7159  133
7160  121
7161  125
7162  119
7163  118
7164  119
7165  121
7166  121
7167  120
7168  120
7169  120
7170  120
7171  121
7172  120
7173  120
7174  309
7175  143
7176  121
7177  121
7178  120
7179  120
7180  113
7181  114
7182  121
7183  120
7184  117
7185  116
7186  116
7187  121
7188  122
7189  120
7190  121
7191  133
7192  121
7193  121
7194  123
7195  120
7196  122
7197  121
7198  140
7199  176
7200  120
7201  116
7202  120
7203  121
7204  120
7205  120
7206  121
7207  120
7208  118
7209  117
7210  117
7211  141
7212  122
7213  119
7214  120
7215  118
7216  120
7217  120
7218  121
7219  113
7220  115
7221  122
7222  126
7223  159
7224  121
7225  121
7226  121
7227  121
7228  117
7229  127
7230  119
7231  119
7232  111
7233  121
7234  120
7235  116
7236  121
7237  124
7238  129
7239  120
7240  120
7241  121
7242  121
7243  120
7244  117
7245  120
7246  121
7247  284
7248  118
7249  120
7250  182
7251  139
7252  120
7253  126
7254  130
7255  118
7256  119
7257  130
7258  120
7259  125
7260  189
7261  134
7262  123
7263  120
7264  122
7265  120
7266  120
7267  121
7268  121
7269  120
7270  122
7271  119
7272  120
7273  121
7274  121
7275  122
7276  121
7277  122
7278  121
7279  120
7280  121
7281  113
7282  121
7283  120
7284  122
7285  121
7286  120
7287  116
7288  127
7289  122
7290  121
7291  118
7292  120
7293  115
7294  108
7295  139
7296  121
7297  121
7298  120
7299  126
7300  129
7301  119
7302  120
7303  120
7304  119
7305  120
7306  150
7307  120
7308  117
7309  120
7310  120
7311  120
7312  120
7313  120
7314  119
7315  129
7316  121
7317  171
7318  117
7319  123
7320  121
7321  122
7322  120
7323  121
7324  120
7325  125
7326  119
7327  122
7328  149
7329  158
7330  142
7331  119
7332  120
7333  124
7334  124
7335  123
7336  126
7337  129
7338  491
7339  124
7340  113
7341  193
7342  120
7343  122
7344  124
7345  119
7346  120
7347  128
7348  120
7349  120
7350  120
7351  121
7352  121
7353  121
7354  119
7355  120
7356  121
7357  137
7358  201
7359  208
7360  148
7361  116
7362  114
7363  119
7364  120
7365  121
7366  121
7367  119
7368  123
7369  120
7370  123
7371  121
7372  121
7373  119
7374  120
7375  116
7376  117
7377  123
7378  120
7379  119
7380  122
7381  116
7382  120
7383  122
7384  119
7385  120
7386  118
7387  119
7388  117
7389  120
7390  120
7391  117
7392  120
7393  120
7394  121
7395  120
7396  118
7397  120
7398  1429
7399  121
7400  118
7401  121
7402  119
7403  169
7404  135
7405  133
7406  186
7407  119
7408  123
7409  120
7410  238
7411  381
7412  116
7413  119
7414  120
7415  121
7416  265
7417  121
7418  121
7419  120
7420  145
7421  122
7422  168
7423  126
7424  127
7425  120
7426  122
7427  121
7428  119
7429  120
7430  120
7431  120
7432  120
7433  117
7434  126
7435  122
7436  119
7437  150
7438  120
7439  120
7440  128
7441  121
7442  119
7443  132
7444  119
7445  119
7446  119
7447  120
7448  135
7449  120
7450  119
7451  120
7452  142
7453  161
7454  129
7455  125
7456  123
7457  121
7458  120
7459  120
7460  121
7461  122
7462  119
7463  120
7464  117
7465  115
7466  138
7467  135
7468  119
7469  120
7470  119
7471  120
7472  116
7473  120
7474  120
7475  120
7476  122
7477  154
7478  117
7479  114
7480  121
7481  169
7482  146
7483  131
7484  119
7485  120
7486  140
7487  121
7488  131
7489  121
7490  120
7491  119
7492  120
7493  122
7494  121
7495  124
7496  116
7497  128
7498  122
7499  142
7500  152
7501  127
7502  121
7503  122
7504  122
7505  119
7506  116
7507  125
7508  121
7509  122
7510  120
7511  119
7512  134
7513  122
7514  121
7515  121
7516  120
7517  136
7518  122
7519  120
7520  119
7521  122
7522  119
7523  134
7524  122
7525  133
7526  122
7527  135
7528  121
7529  120
7530  117
7531  120
7532  114
7533  119
7534  120
7535  121
7536  120
7537  120
7538  220
7539  120
7540  118
7541  124
7542  131
7543  120
7544  116
7545  121
7546  115
7547  134
7548  126
7549  122
7550  127
7551  183
7552  138
7553  169
7554  145
7555  131
7556  139
7557  123
7558  119
7559  122
7560  114
7561  119
7562  119
7563  123
7564  120
7565  122
7566  125
7567  125
7568  196
7569  125
7570  120
7571  130
7572  136
7573  118
7574  122
7575  113
7576  119
7577  120
7578  127
7579  121
7580  127
7581  135
7582  132
7583  131
7584  120
7585  120
7586  125
7587  119
7588  121
7589  118
7590  291
7591  131
7592  115
7593  119
7594  117
7595  125
7596  117
7597  118
7598  119
7599  119
7600  139
7601  132
7602  116
7603  121
7604  116
7605  120
7606  124
7607  120
7608  121
7609  122
7610  122
7611  119
7612  135
7613  119
7614  120
7615  120
7616  575
7617  115
7618  116
7619  119
7620  121
7621  119
7622  134
7623  114
7624  120
7625  121
7626  116
7627  119
7628  121
7629  120
7630  156
7631  137
7632  140
7633  114
7634  120
7635  125
7636  116
7637  115
7638  121
7639  111
7640  132
7641  121
7642  121
7643  120
7644  119
7645  185
7646  129
7647  119
7648  126
7649  119
7650  119
7651  126
7652  121
7653  121
7654  121
7655  120
7656  121
7657  130
7658  128
7659  130
7660  121
7661  119
7662  121
7663  117
7664  120
7665  134
7666  125
7667  121
7668  128
7669  127
7670  121
7671  539
7672  119
7673  121
7674  125
7675  120
7676  126
7677  124
7678  121
7679  121
7680  120
7681  129
7682  129
7683  120
7684  120
7685  129
7686  126
7687  120
7688  120
7689  120
7690  131
7691  124
7692  121
7693  118
7694  125
7695  127
7696  127
7697  142
7698  125
7699  120
7700  118
7701  157
7702  140
7703  187
7704  129
7705  119
7706  124
7707  126
7708  120
7709  121
7710  129
7711  120
7712  122
7713  120
7714  115
7715  119
7716  129
7717  130
7718  129
7719  130
7720  118
7721  119
7722  119
7723  128
7724  117
7725  122
7726  115
7727  120
7728  122
7729  118
7730  125
7731  127
7732  144
7733  121
7734  134
7735  120
7736  132
7737  180
7738  142
7739  132
7740  122
7741  126
7742  116
7743  120
7744  120
7745  123
7746  122
7747  129
7748  131
7749  120
7750  121
7751  128
7752  120
7753  128
7754  120
7755  122
7756  126
7757  122
7758  120
7759  119
7760  119
7761  145
7762  120
7763  144
7764  126
7765  122
7766  133
7767  127
7768  352
7769  123
7770  120
7771  120
7772  119
7773  119
7774  124
7775  120
7776  164
7777  141
7778  119
7779  120
7780  120
7781  120
7782  119
7783  119
7784  121
7785  119
7786  114
7787  125
7788  120
7789  120
7790  123
7791  118
7792  128
7793  116
7794  120
7795  119
7796  125
7797  120
7798  124
7799  120
7800  120
7801  121
7802  117
7803  121
7804  121
7805  120
7806  117
7807  120
7808  129
7809  120
7810  120
7811  120
7812  120
7813  120
7814  120
7815  121
7816  119
7817  120
7818  119
7819  121
7820  120
7821  118
7822  137
7823  119
7824  121
7825  121
7826  115
7827  124
7828  119
7829  121
7830  121
7831  120
7832  120
7833  162
7834  137
7835  116
7836  125
7837  121
7838  120
7839  114
7840  117
7841  117
7842  120
7843  125
7844  124
7845  120
7846  138
7847  149
7848  121
7849  121
7850  120
7851  121
7852  121
7853  120
7854  114
7855  120
7856  120
7857  121
7858  116
7859  119
7860  122
7861  119
7862  122
7863  122
7864  122
7865  127
7866  116
7867  122
7868  116
7869  121
7870  122
7871  120
7872  120
7873  121
7874  119
7875  120
7876  119
7877  120
7878  120
7879  122
7880  120
7881  120
7882  120
7883  119
7884  119
7885  120
7886  120
7887  120
7888  121
7889  121
7890  120
7891  120
7892  120
7893  187
7894  141
7895  120
7896  116
7897  126
7898  120
7899  120
7900  222
7901  121
7902  120
7903  120
7904  122
7905  120
7906  120
7907  122
7908  130
7909  119
7910  120
7911  120
7912  122
7913  121
7914  120
7915  118
7916  119
7917  121
7918  119
7919  120
7920  120
7921  170
7922  122
7923  131
7924  133
7925  133
7926  119
7927  121
7928  118
7929  121
7930  120
7931  120
7932  122
7933  119
7934  120
7935  119
7936  122
7937  128
7938  133
7939  120
7940  120
7941  120
7942  120
7943  121
7944  121
7945  119
7946  120
7947  121
7948  121
7949  120
7950  120
7951  124
7952  124
7953  122
7954  120
7955  121
7956  121
7957  119
7958  120
7959  121
7960  120
7961  122
7962  119
7963  122
7964  199
7965  136
7966  140
7967  119
7968  117
7969  121
7970  122
7971  120
7972  121
7973  121
7974  122
7975  119
7976  117
7977  120
7978  120
7979  121
7980  127
7981  119
7982  121
7983  122
7984  121
7985  121
7986  120
7987  120
7988  120
7989  120
7990  121
7991  120
7992  122
7993  120
7994  208
7995  138
7996  119
7997  121
7998  121
7999  117
8000  119
8001  120
8002  122
8003  121
8004  120
8005  122
8006  121
8007  120
8008  120
8009  143
8010  120
8011  121
8012  117
8013  122
8014  123
8015  141
8016  120
8017  120
8018  120
8019  119
8020  125
8021  119
8022  120
8023  135
8024  120
8025  120
8026  121
8027  117
8028  124
8029  121
8030  120
8031  121
8032  121
8033  120
8034  1249
8035  129
8036  125
8037  137
8038  126
8039  120
8040  120
8041  120
8042  121
8043  121
8044  120
8045  122
8046  120
8047  115
8048  121
8049  120
8050  121
8051  125
8052  122
8053  134
8054  120
8055  120
8056  122
8057  119
8058  120
8059  119
8060  120
8061  122
8062  121
8063  142
8064  120
8065  120
8066  136
8067  120
8068  121
8069  120
8070  121
8071  115
8072  117
8073  116
8074  121
8075  121
8076  119
8077  120
8078  121
8079  122
8080  134
8081  123
8082  119
8083  120
8084  120
8085  120
8086  121
8087  121
8088  119
8089  120
8090  120
8091  120
8092  120
8093  126
8094  126
8095  119
8096  120
8097  129
8098  119
8099  121
8100  121
8101  120
8102  119
8103  122
8104  138
8105  120
8106  122
8107  120
8108  137
8109  117
8110  120
8111  119
8112  120
8113  120
8114  122
8115  121
8116  122
8117  119
8118  125
8119  122
8120  116
8121  128
8122  123
8123  136
8124  126
8125  119
8126  120
8127  116
8128  120
8129  121
8130  122
8131  119
8132  122
8133  120
8134  120
8135  155
8136  157
8137  122
8138  120
8139  120
8140  121
8141  121
8142  114
8143  120
8144  121
8145  121
8146  120
8147  117
8148  119
8149  120
8150  126
8151  117
8152  121
8153  122
8154  120
8155  122
8156  121
8157  126
8158  120
8159  127
8160  117
8161  120
8162  120
8163  116
8164  131
8165  122
8166  119
8167  120
8168  114
8169  120
8170  124
8171  121
8172  124
8173  121
8174  122
8175  121
8176  120
8177  121
8178  121
8179  120
8180  121
8181  121
8182  120
8183  121
8184  120
8185  124
8186  124
8187  117
8188  122
8189  119
8190  121
8191  140
8192  153
8193  185
8194  122
8195  123
8196  182
8197  238
8198  223
8199  156
8200  130
8201  126
8202  155
8203  123
8204  123
8205  138
8206  122
8207  122
8208  124
8209  123
8210  123
8211  121
8212  125
8213  123
8214  123
8215  122
8216  123
8217  122
8218  123
8219  141
8220  125
8221  125
8222  125
8223  124
8224  124
8225  123
8226  127
8227  123
8228  124
8229  123
8230  124
8231  123
8232  122
8233  132
8234  125
8235  123
8236  123
8237  123
8238  125
8239  123
8240  124
8241  119
8242  122
8243  123
8244  123
8245  125
8246  123
8247  136
8248  123
8249  124
8250  124
8251  125
8252  122
8253  122
8254  121
8255  121
8256  122
8257  124
8258  120
8259  131
8260  124
8261  135
8262  123
8263  125
8264  124
8265  122
8266  127
8267  122
8268  123
8269  500
8270  123
8271  123
8272  123
8273  143
8274  122
8275  152
8276  125
8277  124
8278  131
8279  125
8280  124
8281  122
8282  118
8283  128
8284  123
8285  203
8286  132
8287  126
8288  136
8289  127
8290  122
8291  125
8292  123
8293  122
8294  122
8295  121
8296  125
8297  129
8298  124
8299  122
8300  125
8301  122
8302  131
8303  123
8304  124
8305  242
8306  170
8307  168
8308  132
8309  124
8310  151
8311  134
8312  123
8313  122
8314  124
8315  136
8316  123
8317  123
8318  124
8319  128
8320  123
8321  123
8322  124
8323  122
8324  123
8325  121
8326  139
8327  123
8328  127
8329  140
8330  127
8331  134
8332  124
8333  128
8334  123
8335  124
8336  118
8337  123
8338  122
8339  123
8340  122
8341  244
8342  137
8343  123
8344  134
8345  124
8346  122
8347  123
8348  123
8349  122
8350  122
8351  133
8352  131
8353  412
8354  119
8355  116
8356  118
8357  123
8358  132
8359  122
8360  618
8361  119
8362  140
8363  122
8364  122
8365  124
8366  124
8367  129
8368  139
8369  122
8370  184
8371  157
8372  115
8373  125
8374  123
8375  122
8376  123
8377  123
8378  122
8379  123
8380  123
8381  127
8382  131
8383  119
8384  138
8385  123
8386  122
8387  122
8388  122
8389  123
8390  119
8391  120
8392  125
8393  130
8394  286
8395  121
8396  123
8397  123
8398  129
8399  122
8400  123
8401  123
8402  125
8403  116
8404  121
8405  123
8406  122
8407  125
8408  120
8409  121
8410  123
8411  123
8412  138
8413  133
8414  120
8415  122
8416  125
8417  123
8418  124
8419  122
8420  121
8421  123
8422  123
8423  136
8424  121
8425  133
8426  122
8427  123
8428  119
8429  122
8430  122
8431  125
8432  123
8433  125
8434  214
8435  123
8436  123
8437  125
8438  135
8439  139
8440  115
8441  124
8442  119
8443  120
8444  120
8445  452
8446  120
8447  122
8448  124
8449  123
8450  123
8451  122
8452  131
8453  122
8454  120
8455  222
8456  146
8457  119
8458  124
8459  124
8460  123
8461  126
8462  124
8463  122
8464  141
8465  137
8466  130
8467  132
8468  141
8469  131
8470  123
8471  135
8472  123
8473  123
8474  131
8475  195
8476  122
8477  116
8478  122
8479  123
8480  122
8481  123
8482  128
8483  122
8484  122
8485  117
8486  120
8487  122
8488  123
8489  123
8490  123
8491  119
8492  135
8493  123
8494  122
8495  121
8496  119
8497  123
8498  126
8499  125
8500  123
8501  121
8502  124
8503  159
8504  133
8505  224
8506  177
8507  165
8508  161
8509  183
8510  172
8511  157
8512  157
8513  158
8514  155
8515  150
8516  159
8517  130
8518  110
8519  108
8520  108
8521  112
8522  173
8523  109
8524  111
8525  113
8526  111
8527  109
8528  110
8529  109
8530  120
8531  112
8532  108
8533  109
8534  111
8535  111
8536  113
8537  114
8538  114
8539  112
8540  110
8541  150
8542  102
8543  412
8544  127
8545  121
8546  117
8547  114
8548  110
8549  112
8550  108
8551  111
8552  112
8553  112
8554  108
8555  108
8556  110
8557  207
8558  114
8559  120
8560  115
8561  112
8562  111
8563  109
8564  109
8565  111
8566  109
8567  111
8568  111
8569  140
8570  133
8571  125
8572  114
8573  113
8574  111
8575  112
8576  108
8577  109
8578  111
8579  114
8580  112
8581  114
8582  113
8583  112
8584  454
8585  134
8586  134
8587  119
8588  122
8589  124
8590  119
8591  120
8592  123
8593  123
8594  126
8595  134
8596  124
8597  122
8598  137
8599  122
8600  124
8601  124
8602  124
8603  123
8604  123
8605  134
8606  122
8607  123
8608  123
8609  123
8610  123
8611  138
8612  126
8613  122
8614  126
8615  129
8616  122
8617  126
8618  124
8619  123
8620  123
8621  123
8622  119
8623  123
8624  128
8625  132
8626  191
8627  131
8628  122
8629  123
8630  122
8631  123
8632  124
8633  123
8634  198
8635  138
8636  122
8637  141
8638  121
8639  123
8640  122
8641  124
8642  119
8643  125
8644  123
8645  131
8646  122
8647  122
8648  119
8649  126
8650  122
8651  127
8652  124
8653  122
8654  123
8655  134
8656  116
8657  123
8658  122
8659  123
8660  123
8661  123
8662  125
8663  124
8664  126
8665  135
8666  197
8667  122
8668  133
8669  122
8670  126
8671  122
8672  122
8673  122
8674  122
8675  136
8676  118
8677  135
8678  122
8679  122
8680  125
8681  122
8682  125
8683  125
8684  125
8685  129
8686  120
8687  126
8688  125
8689  123
8690  131
8691  121
8692  125
8693  124
8694  135
8695  163
8696  127
8697  123
8698  127
8699  126
8700  122
8701  124
8702  164
8703  144
8704  129
8705  131
8706  123
8707  116
8708  126
8709  145
8710  138
8711  125
8712  125
8713  130
8714  122
8715  119
8716  128
8717  130
8718  123
8719  123
8720  122
8721  123
8722  116
8723  125
8724  119
8725  137
8726  119
8727  124
8728  115
8729  130
8730  122
8731  123
8732  120
8733  122
8734  123
8735  117
8736  124
8737  123
8738  123
8739  126
8740  124
8741  122
8742  137
8743  125
8744  122
8745  119
8746  134
8747  132
8748  119
8749  133
8750  122
8751  124
8752  121
8753  125
8754  130
8755  142
8756  121
8757  135
8758  132
8759  124
8760  123
8761  122
8762  122
8763  137
8764  158
8765  137
8766  140
8767  124
8768  144
8769  127
8770  122
8771  124
8772  124
8773  124
8774  135
8775  119
8776  119
8777  555
8778  120
8779  122
8780  134
8781  141
8782  125
8783  120
8784  130
8785  120
8786  122
8787  124
8788  123
8789  124
8790  125
8791  125
8792  130
8793  124
8794  169
8795  218
8796  222
8797  128
8798  124
8799  125
8800  119
8801  121
8802  120
8803  123
8804  152
8805  119
8806  141
8807  121
8808  123
8809  123
8810  123
8811  124
8812  121
8813  190
8814  128
8815  123
8816  123
8817  120
8818  120
8819  141
8820  125
8821  122
8822  124
8823  133
8824  123
8825  123
8826  124
8827  123
8828  123
8829  120
8830  161
8831  145
8832  141
8833  130
8834  121
8835  123
8836  124
8837  124
8838  123
8839  123
8840  121
8841  122
8842  123
8843  140
8844  123
8845  129
8846  126
8847  123
8848  123
8849  124
8850  122
8851  124
8852  121
8853  129
8854  122
8855  412
8856  130
8857  122
8858  143
8859  123
8860  120
8861  123
8862  125
8863  138
8864  123
8865  123
8866  123
8867  123
8868  123
8869  123
8870  122
8871  130
8872  138
8873  167
8874  154
8875  115
8876  122
8877  122
8878  122
8879  124
8880  122
8881  119
8882  121
8883  128
8884  119
8885  122
8886  123
8887  122
8888  126
8889  122
8890  122
8891  125
8892  129
8893  124
8894  126
8895  123
8896  160
8897  191
8898  132
8899  125
8900  123
8901  121
8902  131
8903  128
8904  122
8905  123
8906  122
8907  123
8908  128
8909  136
8910  121
8911  176
8912  124
8913  124
8914  123
8915  125
8916  123
8917  123
8918  119
8919  123
8920  126
8921  136
8922  138
8923  125
8924  125
8925  119
8926  123
8927  125
8928  123
8929  123
8930  150
8931  135
8932  123
8933  121
8934  126
8935  119
8936  119
8937  126
8938  123
8939  124
8940  123
8941  241
8942  133
8943  123
8944  126
8945  124
8946  122
8947  126
8948  124
8949  120
8950  131
8951  124
8952  127
8953  131
8954  123
8955  122
8956  124
8957  123
8958  191
8959  144
8960  146
8961  123
8962  121
8963  121
8964  122
8965  122
8966  124
8967  123
8968  128
8969  122
8970  140
8971  122
8972  737
8973  126
8974  121
8975  123
8976  124
8977  122
8978  123
8979  148
8980  134
8981  122
8982  121
8983  123
8984  123
8985  124
8986  121
8987  124
8988  155
8989  128
8990  122
8991  123
8992  125
8993  126
8994  122
8995  122
8996  123
8997  123
8998  123
8999  128
9000  123
9001  122
9002  120
9003  123
9004  124
9005  122
9006  124
9007  120
9008  132
9009  119
9010  122
9011  142
9012  123
9013  124
9014  123
9015  119
9016  124
9017  121
9018  551
9019  122
9020  173
9021  553
9022  122
9023  131
9024  122
9025  137
9026  123
9027  124
9028  124
9029  122
9030  128
9031  122
9032  123
9033  122
9034  123
9035  123
9036  136
9037  171
9038  146
9039  121
9040  122
9041  135
9042  123
9043  121
9044  125
9045  123
9046  121
9047  135
9048  133
9049  134
9050  123
9051  126
9052  124
9053  122
9054  131
9055  121
9056  141
9057  124
9058  122
9059  124
9060  123
9061  133
9062  126
9063  121
9064  119
9065  119
9066  128
9067  132
9068  122
9069  123
9070  123
9071  121
9072  123
9073  123
9074  124
9075  127
9076  125
9077  118
9078  123
9079  123
9080  125
9081  123
9082  122
9083  132
9084  123
9085  157
9086  124
9087  127
9088  123
9089  125
9090  119
9091  123
9092  171
9093  128
9094  116
9095  121
9096  126
9097  124
9098  119
9099  127
9100  123
9101  123
9102  126
9103  124
9104  696
9105  123
9106  123
9107  125
9108  123
9109  123
9110  119
9111  151
9112  122
9113  130
9114  123
9115  123
9116  139
9117  149
9118  130
9119  124
9120  122
9121  139
9122  127
9123  129
9124  151
9125  122
9126  122
9127  135
9128  134
9129  131
9130  133
9131  129
9132  123
9133  127
9134  123
9135  134
9136  125
9137  122
9138  119
9139  136
9140  125
9141  129
9142  124
9143  127
9144  122
9145  115
9146  130
9147  126
9148  239
9149  134
9150  115
9151  125
9152  123
9153  119
9154  123
9155  119
9156  123
9157  128
9158  133
9159  119
9160  121
9161  139
9162  124
9163  123
9164  122
9165  122
9166  125
9167  123
9168  130
9169  128
9170  122
9171  123
9172  124
9173  134
9174  123
9175  124
9176  121
9177  126
9178  122
9179  124
9180  124
9181  128
9182  124
9183  123
9184  123
9185  122
9186  122
9187  132
9188  121
9189  121
9190  134
9191  124
9192  123
9193  119
9194  123
9195  125
9196  126
9197  123
9198  185
9199  171
9200  231
9201  151
9202  123
9203  122
9204  120
9205  132
9206  137
9207  160
9208  168
9209  162
9210  121
9211  120
9212  123
9213  122
9214  122
9215  124
9216  123
9217  124
9218  117
9219  125
9220  123
9221  149
9222  123
9223  125
9224  121
9225  124
9226  127
9227  124
9228  117
9229  122
9230  121
9231  123
9232  126
9233  124
9234  162
9235  137
9236  121
9237  125
9238  123
9239  122
9240  125
9241  143
9242  122
9243  127
9244  185
9245  122
9246  140
9247  131
9248  130
9249  131
9250  128
9251  122
9252  124
9253  133
9254  118
9255  128
9256  131
9257  128
9258  132
9259  129
9260  131
9261  136
9262  125
9263  129
9264  132
9265  131
9266  136
9267  125
9268  123
9269  127
9270  129
9271  214
9272  142
9273  123
9274  130
9275  197
9276  139
9277  123
9278  138
9279  123
9280  119
9281  125
9282  130
9283  145
9284  126
9285  127
9286  124
9287  127
9288  118
9289  132
9290  127
9291  124
9292  130
9293  132
9294  123
9295  139
9296  127
9297  134
9298  129
9299  123
9300  124
9301  131
9302  123
9303  132
9304  129
9305  133
9306  133
9307  128
9308  123
9309  128
9310  129
9311  124
9312  124
9313  129
9314  129
9315  122
9316  123
9317  135
9318  130
9319  131
9320  137
9321  128
9322  126
9323  128
9324  142
9325  123
9326  126
9327  123
9328  123
9329  136
9330  128
9331  154
9332  130
9333  123
9334  131
9335  137
9336  123
9337  123
9338  127
9339  131
9340  131
9341  133
9342  126
9343  126
9344  195
9345  125
9346  122
9347  127
9348  127
9349  132
9350  125
9351  127
9352  119
9353  154
9354  119
9355  130
9356  123
9357  130
9358  120
9359  120
9360  130
9361  122
9362  129
9363  123
9364  123
9365  128
9366  122
9367  123
9368  121
9369  124
9370  124
9371  124
9372  123
9373  123
9374  126
9375  122
9376  123
9377  122
9378  123
9379  123
9380  123
9381  125
9382  122
9383  123
9384  122
9385  122
9386  123
9387  126
9388  123
9389  123
9390  123
9391  123
9392  124
9393  173
9394  136
9395  127
9396  127
9397  141
9398  119
9399  119
9400  128
9401  125
9402  123
9403  124
9404  123
9405  125
9406  128
9407  121
9408  124
9409  122
9410  123
9411  121
9412  123
9413  123
9414  125
9415  123
9416  125
9417  122
9418  116
9419  115
9420  114
9421  117
9422  115
9423  116
9424  115
9425  117
9426  116
9427  115
9428  110
9429  115
9430  115
9431  115
9432  117
9433  111
9434  137
9435  116
9436  116
9437  115
9438  118
9439  112
9440  115
9441  111
9442  116
9443  116
9444  119
9445  115
9446  116
9447  115
9448  115
9449  116
9450  117
9451  116
9452  115
9453  115
9454  115
9455  121
9456  114
9457  115
9458  115
9459  117
9460  148
9461  124
9462  115
9463  114
9464  116
9465  113
9466  108
9467  112
9468  115
9469  117
9470  125
9471  115
9472  116
9473  112
9474  117
9475  115
9476  117
9477  115
9478  117
9479  114
9480  115
9481  116
9482  112
9483  114
9484  120
9485  117
9486  115
9487  115
9488  119
9489  118
9490  113
9491  116
9492  114
9493  116
9494  115
9495  111
9496  123
9497  115
9498  111
9499  115
9500  111
9501  117
9502  107
9503  115
9504  112
9505  130
9506  126
9507  121
9508  115
9509  112
9510  114
9511  114
9512  109
9513  115
9514  117
9515  173
9516  131
9517  112
9518  113
9519  117
9520  116
9521  151
9522  107
9523  134
9524  113
9525  117
9526  116
9527  117
9528  115
9529  115
9530  115
9531  112
9532  114
9533  115
9534  125
9535  113
9536  120
9537  115
9538  115
9539  117
9540  117
9541  113
9542  115
9543  116
9544  116
9545  115
9546  117
9547  123
9548  114
9549  115
9550  115
9551  116
9552  120
9553  117
9554  118
9555  114
9556  115
9557  114
9558  113
9559  111
9560  120
9561  118
9562  115
9563  116
9564  117
9565  115
9566  115
9567  118
9568  111
9569  114
9570  114
9571  118
9572  114
9573  123
9574  115
9575  114
9576  117
9577  116
9578  115
9579  116
9580  111
9581  115
9582  117
9583  147
9584  111
9585  113
9586  132
9587  114
9588  115
9589  113
9590  115
9591  114
9592  115
9593  116
9594  117
9595  115
9596  182
9597  182
9598  141
9599  119
9600  114
9601  113
9602  113
9603  116
9604  107
9605  117
9606  117
9607  116
9608  112
9609  112
9610  115
9611  116
9612  108
9613  115
9614  113
9615  116
9616  115
9617  115
9618  116
9619  113
9620  118
9621  112
9622  115
9623  112
9624  123
9625  111
9626  116
9627  113
9628  115
9629  112
9630  115
9631  114
9632  129
9633  115
9634  111
9635  117
9636  116
9637  132
9638  115
9639  116
9640  118
9641  115
9642  108
9643  117
9644  115
9645  112
9646  112
9647  111
9648  113
9649  157
9650  111
9651  116
9652  115
9653  114
9654  115
9655  116
9656  116
9657  118
9658  117
9659  115
9660  117
9661  116
9662  117
9663  114
9664  116
9665  115
9666  116
9667  113
9668  116
9669  116
9670  115
9671  117
9672  116
9673  116
9674  117
9675  125
9676  115
9677  120
9678  116
9679  116
9680  143
9681  110
9682  118
9683  114
9684  112
9685  115
9686  115
9687  121
9688  116
9689  114
9690  115
9691  114
9692  112
9693  115
9694  132
9695  114
9696  115
9697  120
9698  116
9699  121
9700  122
9701  116
9702  115
9703  117
9704  115
9705  115
9706  116
9707  115
9708  117
9709  116
9710  147
9711  116
9712  118
9713  112
9714  113
9715  117
9716  116
9717  116
9718  116
9719  116
9720  119
9721  116
9722  114
9723  117
9724  117
9725  115
9726  123
9727  113
9728  110
9729  116
9730  115
9731  115
9732  117
9733  116
9734  134
9735  114
9736  116
9737  118
9738  117
9739  117
9740  115
9741  117
9742  119
9743  115
9744  116
9745  115
9746  116
9747  115
9748  115
9749  113
9750  115
9751  115
9752  116
9753  115
9754  113
9755  114
9756  115
9757  117
9758  115
9759  182
9760  128
9761  115
9762  116
9763  122
9764  117
9765  116
9766  117
9767  118
9768  116
9769  120
9770  115
9771  113
9772  117
9773  115
9774  117
9775  136
9776  114
9777  115
9778  115
9779  111
9780  112
9781  117
9782  116
9783  118
9784  118
9785  116
9786  116
9787  119
9788  112
9789  122
9790  115
9791  116
9792  117
9793  116
9794  117
9795  118
9796  130
9797  110
9798  116
9799  116
9800  115
9801  117
9802  115
9803  115
9804  116
9805  116
9806  117
9807  115
9808  111
9809  115
9810  115
9811  116
9812  115
9813  115
9814  125
9815  116
9816  118
9817  117
9818  116
9819  112
9820  117
9821  116
9822  115
9823  115
9824  115
9825  112
9826  116
9827  119
9828  117
9829  117
9830  116
9831  115
9832  118
9833  115
9834  115
9835  114
9836  124
9837  115
9838  110
9839  123
9840  116
9841  121
9842  113
9843  115
9844  111
9845  115
9846  117
9847  116
9848  115
9849  115
9850  116
9851  122
9852  118
9853  119
9854  111
9855  114
9856  126
9857  134
9858  115
9859  116
9860  114
9861  116
9862  116
9863  115
9864  133
9865  118
9866  115
9867  115
9868  112
9869  115
9870  117
9871  111
9872  111
9873  114
9874  119
9875  113
9876  116
9877  111
9878  114
9879  122
9880  115
9881  115
9882  116
9883  115
9884  120
9885  122
9886  110
9887  116
9888  110
9889  126
9890  115
9891  115
9892  117
9893  264
9894  254
9895  192
9896  193
9897  134
9898  124
9899  123
9900  119
9901  130
9902  119
9903  688
9904  124
9905  124
9906  122
9907  152
9908  119
9909  123
9910  138
9911  178
9912  124
9913  123
9914  123
9915  123
9916  119
9917  205
9918  146
9919  148
9920  147
9921  126
9922  119
9923  123
9924  122
9925  119
9926  122
9927  124
9928  155
9929  125
9930  138
9931  128
9932  122
9933  123
9934  122
9935  123
9936  126
9937  164
9938  123
9939  122
9940  124
9941  121
9942  142
9943  127
9944  124
9945  133
9946  118
9947  119
9948  124
9949  120
9950  135
9951  123
9952  124
9953  148
9954  121
9955  374
9956  132
9957  123
9958  122
9959  123
9960  123
9961  123
9962  124
9963  129
9964  135
9965  127
9966  124
9967  123
9968  155
9969  130
9970  122
9971  121
9972  123
9973  119
9974  119
9975  141
9976  175
9977  124
9978  121
9979  122
9980  142
9981  125
9982  123
9983  123
9984  120
9985  123
9986  122
9987  164
9988  135
9989  119
9990  122
9991  127
9992  122
9993  123
9994  227
9995  207
9996  253
9997  313
9998  130
9999  123
