3  324
4  227
5  291
6  227
7  228
8  215
9  278
10  267
11  274
12  267
13  250
14  240
15  250
16  250
17  291
18  250
19  247
20  254
21  254
22  244
23  244
24  251
25  244
26  251
27  254
28  247
29  261
30  247
31  251
32  244
33  354
34  254
35  257
36  251
37  281
38  253
39  257
40  257
41  257
42  244
43  257
44  264
45  263
46  250
47  244
48  255
49  254
50  260
51  254
52  258
53  253
54  250
55  257
56  258
57  261
58  258
59  253
60  257
61  261
62  258
63  248
64  258
65  273
66  278
67  264
68  261
69  261
70  268
71  257
72  261
73  271
74  264
75  263
76  261
77  264
78  267
79  261
80  264
81  261
82  265
83  264
84  264
85  264
86  267
87  266
88  260
89  263
90  271
91  261
92  264
93  264
94  265
95  251
96  263
97  268
98  268
99  260
100  250
101  264
102  261
103  264
104  251
105  254
106  264
107  264
108  264
109  253
110  260
111  250
112  260
113  260
114  264
115  264
116  261
117  264
118  254
119  243
120  263
121  268
122  265
123  257
124  264
125  261
126  264
127  264
128  264
129  284
130  261
131  270
132  264
133  268
134  268
135  271
136  264
137  257
138  268
139  254
140  264
141  267
142  267
143  264
144  275
145  265
146  271
147  263
148  258
149  256
150  263
151  251
152  264
153  267
154  265
155  258
156  267
157  264
158  253
159  267
160  261
161  270
162  264
163  271
164  257
165  267
166  263
167  265
168  278
169  268
170  267
171  257
172  263
173  264
174  244
175  274
176  275
177  271
178  265
179  271
180  281
181  271
182  266
183  260
184  261
185  244
186  264
187  254
188  255
189  258
190  264
191  263
192  271
193  268
194  268
195  263
196  265
197  257
198  267
199  257
200  250
201  247
202  238
203  244
204  246
205  247
206  244
207  241
208  247
209  247
210  235
211  243
212  243
213  244
214  243
215  246
216  250
217  241
218  238
219  253
220  243
221  244
222  249
223  244
224  234
225  244
226  243
227  246
228  247
229  246
230  250
231  247
232  243
233  250
234  244
235  243
236  231
237  244
238  237
239  246
240  250
241  243
242  243
243  247
244  244
245  238
246  237
247  243
248  244
249  244
250  247
251  243
252  247
253  244
254  241
255  247
256  243
257  262
258  237
259  244
260  250
261  247
262  250
263  237
264  250
265  250
266  247
267  246
268  238
269  250
270  243
271  246
272  250
273  253
274  253
275  238
276  244
277  247
278  238
279  247
280  246
281  243
282  250
283  250
284  244
285  241
286  253
287  246
288  253
289  253
290  237
291  237
292  247
293  241
294  241
295  244
296  256
297  247
298  250
299  238
300  250
301  249
302  241
303  241
304  231
305  250
306  240
307  250
308  259
309  250
310  240
311  249
312  244
313  237
314  249
315  244
316  246
317  256
318  253
319  250
320  252
321  250
322  237
323  256
324  243
325  249
326  250
327  243
328  253
329  247
330  249
331  287
332  423
333  389
334  250
335  249
336  250
337  241
338  268
339  247
340  238
341  246
342  244
343  238
344  249
345  250
346  246
347  247
348  247
349  253
350  250
351  249
352  249
353  244
354  243
355  247
356  247
357  246
358  247
359  246
360  240
361  249
362  249
363  228
364  247
365  243
366  240
367  247
368  238
369  247
370  237
371  249
372  240
373  250
374  247
375  237
376  246
377  244
378  244
379  247
380  252
381  250
382  247
383  253
384  241
385  247
386  247
387  247
388  247
389  247
390  246
391  250
392  253
393  256
394  241
395  247
396  370
397  244
398  247
399  250
400  247
401  229
402  232
403  309
404  233
405  223
406  223
407  226
408  231
409  230
410  228
411  223
412  232
413  231
414  241
415  235
416  232
417  232
418  230
419  236
420  229
421  209
422  232
423  226
424  231
425  230
426  238
427  238
428  235
429  232
430  232
431  231
432  227
433  229
434  231
435  229
436  232
437  221
438  232
439  229
440  229
441  226
442  232
443  235
444  228
445  229
446  235
447  232
448  231
449  238
450  227
451  235
452  231
453  226
454  230
455  228
456  232
457  232
458  230
459  223
460  220
461  228
462  233
463  252
464  226
465  226
466  227
467  226
468  228
469  228
470  232
471  221
472  232
473  230
474  231
475  229
476  231
477  229
478  218
479  232
480  231
481  232
482  228
483  229
484  229
485  232
486  232
487  216
488  229
489  231
490  228
491  235
492  318
493  212
494  228
495  218
496  230
497  229
498  226
499  228
500  228
501  229
502  224
503  226
504  229
505  238
506  240
507  238
508  230
509  235
510  230
511  223
512  235
513  233
514  235
515  235
516  235
517  232
518  236
519  231
520  235
521  226
522  235
523  223
524  227
525  223
526  226
527  232
528  228
529  232
530  235
531  226
532  238
533  235
534  240
535  233
536  234
537  241
538  235
539  233
540  237
541  227
542  235
543  231
544  238
545  234
546  238
547  234
548  238
549  234
550  233
551  234
552  231
553  243
554  226
555  235
556  231
557  235
558  232
559  229
560  233
561  226
562  226
563  232
564  227
565  226
566  220
567  237
568  245
569  224
570  235
571  236
572  238
573  227
574  234
575  235
576  216
577  218
578  222
579  222
580  218
581  224
582  220
583  214
584  215
585  217
586  217
587  221
588  219
589  222
590  219
591  226
592  220
593  210
594  217
595  213
596  226
597  223
598  222
599  215
600  225
601  225
602  225
603  222
604  212
605  216
606  214
607  215
608  215
609  225
610  222
611  217
612  218
613  224
614  216
615  210
616  219
617  227
618  221
619  217
620  222
621  222
622  223
623  216
624  217
625  217
626  222
627  418
628  354
629  277
630  273
631  297
632  277
633  264
634  274
635  278
636  268
637  280
638  264
639  276
640  274
641  267
642  281
643  271
644  264
645  271
646  276
647  278
648  277
649  276
650  277
651  271
652  274
653  280
654  270
655  267
656  275
657  267
658  267
659  411
660  371
661  301
662  271
663  271
664  271
665  271
666  274
667  260
668  280
669  277
670  330
671  267
672  280
673  270
674  274
675  273
676  270
677  270
678  273
679  275
680  278
681  274
682  271
683  274
684  271
685  270
686  271
687  260
688  271
689  271
690  278
691  264
692  261
693  421
694  291
695  280
696  274
697  281
698  274
699  263
700  273
701  274
702  264
703  274
704  274
705  274
706  274
707  268
708  256
709  281
710  281
711  267
712  277
713  278
714  275
715  274
716  275
717  278
718  281
719  270
720  278
721  268
722  281
723  284
724  267
725  421
726  276
727  554
728  491
729  454
730  481
731  441
732  491
733  395
734  435
735  357
736  424
737  381
738  438
739  378
740  281
741  291
742  434
743  404
744  274
745  244
746  244
747  243
748  244
749  244
750  247
751  245
752  247
753  237
754  240
755  240
756  374
757  318
758  364
759  301
760  250
761  244
762  240
763  244
764  244
765  246
766  244
767  247
768  241
769  244
770  243
771  237
772  244
773  243
774  240
775  245
776  247
777  552
778  498
779  424
780  374
781  478
782  355
783  414
784  391
785  301
786  243
787  411
788  248
789  414
790  391
791  394
792  244
793  377
794  395
795  458
796  381
797  421
798  427
799  281
800  395
801  395
802  277
803  363
804  364
805  598
806  431
807  270
808  271
809  484
810  391
811  417
812  447
813  388
814  411
815  314
816  267
817  385
818  274
819  278
820  715
821  375
822  404
823  271
824  381
825  424
826  405
827  431
828  254
829  273
830  394
831  274
832  271
833  381
834  434
835  421
836  268
837  347
838  401
839  367
840  361
841  261
842  363
843  424
844  428
845  265
846  411
847  424
848  263
849  271
850  361
851  435
852  381
853  274
854  371
855  317
856  314
857  448
858  257
859  407
860  401
861  275
862  278
863  401
864  441
865  407
866  271
867  277
868  377
869  367
870  345
871  260
872  404
873  277
874  274
875  418
876  417
877  397
878  388
879  407
880  361
881  410
882  411
883  417
884  435
885  418
886  400
887  424
888  381
889  461
890  484
891  435
892  411
893  461
894  498
895  512
896  385
897  367
898  427
899  378
900  384
901  381
902  415
903  394
904  441
905  401
906  382
907  358
908  383
909  462
910  435
911  434
912  395
913  345
914  391
915  352
916  388
917  377
918  330
919  345
920  284
921  277
922  284
923  275
924  294
925  428
926  317
927  264
928  274
929  275
930  274
931  260
932  277
933  277
934  277
935  274
936  278
937  281
938  277
939  266
940  281
941  275
942  273
943  437
944  321
945  270
946  270
947  271
948  278
949  271
950  278
951  277
952  277
953  280
954  275
955  273
956  273
957  277
958  280
959  421
960  357
961  274
962  267
963  407
964  304
965  277
966  274
967  261
968  274
969  281
970  277
971  277
972  277
973  278
974  264
975  408
976  315
977  278
978  274
979  268
980  264
981  270
982  274
983  278
984  277
985  281
986  278
987  263
988  283
989  281
990  280
991  407
992  364
993  468
994  274
995  274
996  270
997  273
998  267
999  267
1000  273
1001  271
1002  267
1003  271
1004  281
1005  277
1006  271
1007  258
1008  257
1009  624
1010  444
1011  438
1012  340
1013  371
1014  424
1015  408
1016  370
1017  404
1018  324
1019  621
1020  394
1021  428
1022  370
1023  728
1024  461
1025  504
1026  474
1027  441
1028  518
1029  411
1030  374
1031  391
1032  401
1033  415
1034  284
1035  285
1036  281
1037  277
1038  281
1039  271
1040  284
1041  394
1042  318
1043  247
1044  247
1045  250
1046  247
1047  250
1048  247
1049  250
1050  247
1051  247
1052  250
1053  244
1054  244
1055  241
1056  251
1057  247
1058  246
1059  398
1060  331
1061  267
1062  246
1063  244
1064  251
1065  247
1066  248
1067  250
1068  244
1069  248
1070  248
1071  251
1072  247
1073  250
1074  243
1075  427
1076  371
1077  301
1078  287
1079  288
1080  304
1081  398
1082  280
1083  288
1084  287
1085  284
1086  277
1087  274
1088  280
1089  277
1090  281
1091  281
1092  287
1093  285
1094  284
1095  270
1096  287
1097  290
1098  281
1099  341
1100  283
1101  288
1102  287
1103  281
1104  287
1105  508
1106  281
1107  285
1108  288
1109  290
1110  288
1111  291
1112  284
1113  285
1114  277
1115  277
1116  271
1117  280
1118  284
1119  280
1120  280
1121  281
1122  284
1123  277
1124  290
1125  428
1126  357
1127  284
1128  277
1129  290
1130  288
1131  288
1132  284
1133  284
1134  288
1135  287
1136  276
1137  264
1138  278
1139  277
1140  276
1141  424
1142  371
1143  280
1144  284
1145  281
1146  275
1147  274
1148  280
1149  324
1150  271
1151  284
1152  270
1153  271
1154  280
1155  281
1156  291
1157  424
1158  384
1159  324
1160  277
1161  277
1162  261
1163  277
1164  283
1165  284
1166  267
1167  284
1168  277
1169  273
1170  277
1171  398
1172  374
1173  284
1174  271
1175  421
1176  301
1177  281
1178  290
1179  300
1180  277
1181  280
1182  281
1183  280
1184  288
1185  260
1186  278
1187  287
1188  271
1189  288
1190  286
1191  554
1192  384
1193  274
1194  300
1195  281
1196  278
1197  281
1198  277
1199  286
1200  281
1201  281
1202  281
1203  267
1204  285
1205  283
1206  284
1207  424
1208  394
1209  301
1210  270
1211  277
1212  278
1213  280
1214  267
1215  261
1216  281
1217  281
1218  285
1219  290
1220  281
1221  281
1222  274
1223  407
1224  314
1225  284
1226  277
1227  288
1228  284
1229  277
1230  281
1231  287
1232  281
1233  271
1234  277
1235  277
1236  277
1237  281
1238  283
1239  281
1240  283
1241  421
1242  335
1243  274
1244  277
1245  284
1246  270
1247  280
1248  278
1249  281
1250  290
1251  276
1252  268
1253  264
1254  278
1255  283
1256  284
1257  277
1258  267
1259  274
1260  277
1261  267
1262  283
1263  277
1264  283
1265  277
1266  276
1267  274
1268  267
1269  275
1270  277
1271  281
1272  274
1273  421
1274  347
1275  273
1276  274
1277  278
1278  284
1279  263
1280  271
1281  281
1282  277
1283  278
1284  284
1285  287
1286  277
1287  276
1288  274
1289  277
1290  277
1291  277
1292  284
1293  264
1294  277
1295  267
1296  280
1297  280
1298  278
1299  283
1300  278
1301  283
1302  277
1303  274
1304  277
1305  277
1306  281
1307  425
1308  307
1309  285
1310  284
1311  281
1312  281
1313  281
1314  281
1315  271
1316  283
1317  278
1318  277
1319  284
1320  281
1321  278
1322  405
1323  458
1324  266
1325  274
1326  270
1327  268
1328  280
1329  280
1330  274
1331  284
1332  266
1333  277
1334  284
1335  281
1336  371
1337  350
1338  294
1339  431
1340  301
1341  268
1342  284
1343  278
1344  268
1345  277
1346  260
1347  278
1348  295
1349  278
1350  266
1351  271
1352  266
1353  278
1354  281
1355  271
1356  281
1357  427
1358  358
1359  275
1360  280
1361  281
1362  268
1363  278
1364  281
1365  267
1366  265
1367  271
1368  281
1369  281
1370  277
1371  278
1372  278
1373  424
1374  368
1375  277
1376  280
1377  280
1378  266
1379  277
1380  284
1381  277
1382  281
1383  277
1384  268
1385  281
1386  284
1387  270
1388  277
1389  605
1390  458
1391  437
1392  475
1393  417
1394  444
1395  508
1396  417
1397  324
1398  381
1399  428
1400  428
1401  464
1402  431
1403  625
1404  555
1405  411
1406  327
1407  281
1408  283
1409  277
1410  281
1411  284
1412  274
1413  284
1414  270
1415  280
1416  283
1417  281
1418  271
1419  277
1420  270
1421  431
1422  305
1423  305
1424  281
1425  274
1426  270
1427  281
1428  281
1429  284
1430  277
1431  277
1432  278
1433  278
1434  280
1435  284
1436  284
1437  267
1438  281
1439  414
1440  331
1441  284
1442  268
1443  278
1444  281
1445  284
1446  274
1447  267
1448  278
1449  271
1450  288
1451  277
1452  283
1453  277
1454  281
1455  421
1456  354
1457  298
1458  267
1459  301
1460  280
1461  284
1462  274
1463  276
1464  277
1465  277
1466  284
1467  273
1468  280
1469  277
1470  267
1471  418
1472  344
1473  274
1474  280
1475  280
1476  281
1477  274
1478  270
1479  281
1480  265
1481  284
1482  281
1483  274
1484  281
1485  281
1486  267
1487  411
1488  294
1489  280
1490  281
1491  277
1492  300
1493  271
1494  271
1495  284
1496  281
1497  281
1498  284
1499  277
1500  278
1501  281
1502  277
1503  267
1504  276
1505  424
1506  384
1507  276
1508  278
1509  270
1510  268
1511  284
1512  281
1513  288
1514  270
1515  278
1516  277
1517  280
1518  278
1519  274
1520  274
1521  421
1522  338
1523  271
1524  268
1525  274
1526  280
1527  277
1528  274
1529  277
1530  280
1531  281
1532  281
1533  273
1534  281
1535  281
1536  280
1537  427
1538  353
1539  284
1540  268
1541  264
1542  268
1543  284
1544  271
1545  273
1546  287
1547  280
1548  281
1549  274
1550  281
1551  281
1552  271
1553  428
1554  350
1555  264
1556  280
1557  277
1558  277
1559  286
1560  280
1561  281
1562  273
1563  384
1564  291
1565  284
1566  284
1567  273
1568  278
1569  404
1570  375
1571  270
1572  278
1573  264
1574  264
1575  270
1576  271
1577  267
1578  274
1579  267
1580  278
1581  287
1582  277
1583  276
1584  277
1585  425
1586  370
1587  278
1588  281
1589  274
1590  278
1591  277
1592  278
1593  273
1594  265
1595  274
1596  281
1597  280
1598  281
1599  277
1600  280
1601  284
1602  270
1603  427
1604  363
1605  287
1606  280
1607  280
1608  300
1609  281
1610  281
1611  277
1612  287
1613  394
1614  284
1615  281
1616  281
1617  283
1618  277
1619  418
1620  371
1621  300
1622  264
1623  267
1624  281
1625  280
1626  271
1627  264
1628  267
1629  278
1630  267
1631  281
1632  280
1633  287
1634  264
1635  428
1636  324
1637  278
1638  278
1639  278
1640  280
1641  278
1642  287
1643  274
1644  274
1645  284
1646  284
1647  288
1648  278
1649  278
1650  273
1651  281
1652  268
1653  277
1654  281
1655  277
1656  265
1657  274
1658  274
1659  277
1660  281
1661  268
1662  281
1663  338
1664  274
1665  281
1666  267
1667  441
1668  377
1669  405
1670  298
1671  277
1672  278
1673  278
1674  275
1675  274
1676  280
1677  278
1678  277
1679  280
1680  278
1681  277
1682  284
1683  274
1684  264
1685  268
1686  271
1687  278
1688  274
1689  280
1690  270
1691  270
1692  277
1693  276
1694  274
1695  267
1696  280
1697  284
1698  277
1699  278
1700  267
1701  421
1702  374
1703  321
1704  284
1705  287
1706  267
1707  283
1708  280
1709  281
1710  281
1711  280
1712  260
1713  281
1714  276
1715  274
1716  281
1717  278
1718  277
1719  275
1720  278
1721  277
1722  288
1723  280
1724  281
1725  281
1726  281
1727  287
1728  277
1729  281
1730  281
1731  284
1732  268
1733  417
1734  287
1735  274
1736  280
1737  288
1738  277
1739  267
1740  271
1741  267
1742  287
1743  280
1744  274
1745  273
1746  281
1747  274
1748  283
1749  281
1750  277
1751  317
1752  278
1753  274
1754  280
1755  284
1756  277
1757  267
1758  280
1759  274
1760  275
1761  281
1762  281
1763  283
1764  280
1765  284
1766  273
1767  420
1768  303
1769  277
1770  278
1771  294
1772  278
1773  281
1774  281
1775  267
1776  273
1777  274
1778  267
1779  273
1780  277
1781  267
1782  281
1783  281
1784  283
1785  281
1786  277
1787  278
1788  278
1789  284
1790  267
1791  275
1792  270
1793  277
1794  277
1795  267
1796  278
1797  277
1798  278
1799  418
1800  354
1801  281
1802  267
1803  264
1804  301
1805  280
1806  268
1807  274
1808  284
1809  278
1810  278
1811  277
1812  278
1813  277
1814  273
1815  280
1816  277
1817  271
1818  274
1819  280
1820  277
1821  264
1822  267
1823  267
1824  281
1825  277
1826  274
1827  278
1828  284
1829  267
1830  280
1831  418
1832  374
1833  341
1834  284
1835  287
1836  270
1837  278
1838  280
1839  284
1840  278
1841  268
1842  267
1843  280
1844  280
1845  281
1846  281
1847  284
1848  277
1849  284
1850  267
1851  277
1852  277
1853  278
1854  281
1855  284
1856  276
1857  277
1858  277
1859  285
1860  274
1861  280
1862  285
1863  280
1864  286
1865  417
1866  318
1867  281
1868  281
1869  284
1870  284
1871  274
1872  267
1873  274
1874  271
1875  281
1876  273
1877  277
1878  281
1879  277
1880  277
1881  271
1882  277
1883  278
1884  274
1885  274
1886  290
1887  273
1888  281
1889  271
1890  274
1891  284
1892  277
1893  278
1894  284
1895  278
1896  280
1897  418
1898  328
1899  276
1900  284
1901  267
1902  283
1903  278
1904  278
1905  277
1906  278
1907  267
1908  264
1909  284
1910  268
1911  283
1912  284
1913  277
1914  271
1915  267
1916  287
1917  267
1918  277
1919  285
1920  267
1921  278
1922  377
1923  441
1924  270
1925  277
1926  276
1927  444
1928  304
1929  407
1930  361
1931  334
1932  290
1933  284
1934  270
1935  268
1936  280
1937  278
1938  284
1939  281
1940  381
1941  278
1942  277
1943  278
1944  280
1945  281
1946  274
1947  275
1948  267
1949  277
1950  278
1951  277
1952  277
1953  267
1954  278
1955  257
1956  277
1957  267
1958  280
1959  281
1960  274
1961  277
1962  275
1963  421
1964  277
1965  267
1966  281
1967  307
1968  266
1969  281
1970  277
1971  277
1972  277
1973  270
1974  276
1975  260
1976  278
1977  277
1978  277
1979  274
1980  260
1981  278
1982  398
1983  418
1984  271
1985  280
1986  281
1987  275
1988  281
1989  277
1990  281
1991  277
1992  267
1993  281
1994  277
1995  421
1996  377
1997  348
1998  281
1999  284
2000  287
2001  268
2002  278
2003  273
2004  264
2005  274
2006  278
2007  278
2008  273
2009  278
2010  276
2011  275
2012  277
2013  344
2014  295
2015  264
2016  271
2017  281
2018  281
2019  281
2020  273
2021  273
2022  267
2023  275
2024  265
2025  268
2026  263
2027  281
2028  274
2029  270
2030  281
2031  268
2032  277
2033  284
2034  277
2035  267
2036  278
2037  267
2038  274
2039  281
2040  284
2041  280
2042  281
2043  275
2044  271
2045  424
2046  321
2047  284
2048  285
2049  284
2050  271
2051  287
2052  291
2053  280
2054  287
2055  280
2056  284
2057  364
2058  274
2059  287
2060  287
2061  285
2062  290
2063  283
2064  274
2065  278
2066  284
2067  277
2068  284
2069  284
2070  270
2071  280
2072  278
2073  271
2074  285
2075  281
2076  284
2077  437
2078  347
2079  280
2080  271
2081  280
2082  354
2083  381
2084  414
2085  485
2086  421
2087  421
2088  281
2089  281
2090  276
2091  280
2092  274
2093  277
2094  435
2095  284
2096  281
2097  281
2098  284
2099  281
2100  271
2101  277
2102  284
2103  280
2104  281
2105  270
2106  300
2107  270
2108  281
2109  270
2110  271
2111  288
2112  280
2113  288
2114  280
2115  284
2116  284
2117  284
2118  273
2119  281
2120  287
2121  284
2122  284
2123  283
2124  284
2125  291
2126  281
2127  424
2128  357
2129  341
2130  291
2131  294
2132  273
2133  283
2134  274
2135  278
2136  270
2137  291
2138  287
2139  274
2140  288
2141  338
2142  370
2143  311
2144  286
2145  281
2146  280
2147  284
2148  280
2149  280
2150  281
2151  284
2152  288
2153  280
2154  280
2155  280
2156  271
2157  291
2158  277
2159  327
2160  367
2161  277
2162  267
2163  273
2164  278
2165  274
2166  277
2167  267
2168  284
2169  285
2170  274
2171  284
2172  287
2173  281
2174  281
2175  421
2176  341
2177  278
2178  288
2179  274
2180  284
2181  291
2182  286
2183  284
2184  285
2185  275
2186  284
2187  284
2188  281
2189  415
2190  291
2191  264
2192  267
2193  284
2194  287
2195  287
2196  274
2197  281
2198  278
2199  287
2200  275
2201  277
2202  280
2203  280
2204  288
2205  280
2206  284
2207  283
2208  281
2209  270
2210  283
2211  267
2212  271
2213  284
2214  277
2215  271
2216  274
2217  268
2218  281
2219  285
2220  271
2221  287
2222  284
2223  285
2224  271
2225  421
2226  301
2227  281
2228  280
2229  288
2230  283
2231  281
2232  274
2233  284
2234  424
2235  281
2236  280
2237  281
2238  283
2239  287
2240  281
2241  284
2242  280
2243  287
2244  284
2245  281
2246  285
2247  283
2248  281
2249  281
2250  270
2251  280
2252  277
2253  280
2254  274
2255  281
2256  280
2257  288
2258  284
2259  284
2260  280
2261  277
2262  271
2263  273
2264  274
2265  281
2266  278
2267  290
2268  281
2269  285
2270  280
2271  281
2272  283
2273  421
2274  381
2275  354
2276  281
2277  268
2278  280
2279  274
2280  284
2281  274
2282  435
2283  294
2284  285
2285  284
2286  284
2287  284
2288  284
2289  284
2290  274
2291  270
2292  280
2293  287
2294  277
2295  284
2296  281
2297  284
2298  285
2299  270
2300  265
2301  284
2302  277
2303  281
2304  283
2305  274
2306  281
2307  274
2308  274
2309  274
2310  275
2311  277
2312  268
2313  281
2314  284
2315  281
2316  284
2317  277
2318  283
2319  284
2320  281
2321  271
2322  281
2323  427
2324  311
2325  288
2326  368
2327  344
2328  291
2329  288
2330  284
2331  271
2332  284
2333  284
2334  280
2335  281
2336  284
2337  284
2338  271
2339  280
2340  281
2341  271
2342  278
2343  277
2344  271
2345  278
2346  281
2347  288
2348  291
2349  280
2350  274
2351  281
2352  274
2353  280
2354  281
2355  283
2356  284
2357  281
2358  278
2359  270
2360  267
2361  281
2362  271
2363  274
2364  271
2365  284
2366  284
2367  287
2368  284
2369  281
2370  284
2371  284
2372  284
2373  424
2374  381
2375  301
2376  281
2377  281
2378  308
2379  274
2380  280
2381  281
2382  284
2383  271
2384  273
2385  288
2386  288
2387  281
2388  281
2389  270
2390  273
2391  281
2392  288
2393  284
2394  275
2395  285
2396  271
2397  444
2398  438
2399  478
2400  428
2401  438
2402  281
2403  281
2404  281
2405  277
2406  284
2407  287
2408  305
2409  270
2410  267
2411  274
2412  270
2413  283
2414  280
2415  287
2416  284
2417  275
2418  283
2419  274
2420  285
2421  501
2422  368
2423  281
2424  283
2425  271
2426  283
2427  280
2428  280
2429  274
2430  280
2431  277
2432  281
2433  274
2434  284
2435  274
2436  290
2437  280
2438  267
2439  284
2440  273
2441  273
2442  281
2443  284
2444  281
2445  281
2446  271
2447  325
2448  278
2449  284
2450  291
2451  273
2452  274
2453  284
2454  280
2455  261
2456  270
2457  281
2458  280
2459  281
2460  284
2461  283
2462  281
2463  280
2464  274
2465  273
2466  274
2467  284
2468  435
2469  281
2470  262
2471  389
2472  348
2473  253
2474  250
2475  253
2476  253
2477  265
2478  259
2479  259
2480  253
2481  268
2482  259
2483  253
2484  259
2485  253
2486  284
2487  280
2488  291
2489  281
2490  284
2491  275
2492  281
2493  285
2494  287
2495  270
2496  451
2497  528
2498  341
2499  431
2500  365
2501  414
2502  285
2503  281
2504  287
2505  274
2506  287
2507  281
2508  281
2509  271
2510  281
2511  273
2512  275
2513  280
2514  280
2515  267
2516  327
2517  358
2518  284
2519  294
2520  277
2521  285
2522  284
2523  287
2524  281
2525  288
2526  284
2527  398
2528  281
2529  291
2530  287
2531  291
2532  277
2533  283
2534  291
2535  434
2536  374
2537  288
2538  287
2539  284
2540  287
2541  290
2542  284
2543  281
2544  281
2545  283
2546  281
2547  283
2548  281
2549  281
2550  284
2551  278
2552  278
2553  281
2554  281
2555  285
2556  284
2557  285
2558  404
2559  283
2560  288
2561  281
2562  285
2563  288
2564  283
2565  274
2566  284
2567  281
2568  407
2569  284
2570  301
2571  287
2572  281
2573  287
2574  284
2575  281
2576  274
2577  285
2578  284
2579  280
2580  287
2581  274
2582  281
2583  290
2584  285
2585  427
2586  303
2587  291
2588  287
2589  281
2590  267
2591  287
2592  284
2593  285
2594  274
2595  285
2596  284
2597  274
2598  291
2599  280
2600  284
2601  280
2602  284
2603  338
2604  291
2605  271
2606  281
2607  287
2608  274
2609  274
2610  284
2611  287
2612  274
2613  274
2614  278
2615  281
2616  284
2617  283
2618  281
2619  280
2620  281
2621  288
2622  280
2623  281
2624  275
2625  270
2626  274
2627  270
2628  271
2629  277
2630  274
2631  281
2632  271
2633  595
2634  501
2635  428
2636  293
2637  277
2638  291
2639  291
2640  280
2641  284
2642  274
2643  281
2644  281
2645  284
2646  384
2647  284
2648  283
2649  428
2650  310
2651  291
2652  288
2653  287
2654  284
2655  268
2656  277
2657  290
2658  280
2659  287
2660  287
2661  285
2662  284
2663  273
2664  284
2665  273
2666  285
2667  287
2668  283
2669  281
2670  284
2671  276
2672  284
2673  288
2674  285
2675  278
2676  284
2677  284
2678  285
2679  274
2680  280
2681  281
2682  284
2683  280
2684  267
2685  274
2686  274
2687  286
2688  284
2689  284
2690  281
2691  441
2692  274
2693  283
2694  285
2695  274
2696  288
2697  415
2698  368
2699  345
2700  284
2701  284
2702  284
2703  284
2704  288
2705  280
2706  271
2707  283
2708  284
2709  283
2710  284
2711  284
2712  271
2713  284
2714  281
2715  270
2716  281
2717  285
2718  280
2719  280
2720  283
2721  284
2722  427
2723  283
2724  273
2725  270
2726  280
2727  461
2728  283
2729  285
2730  284
2731  287
2732  291
2733  307
2734  288
2735  278
2736  284
2737  271
2738  280
2739  284
2740  280
2741  285
2742  280
2743  280
2744  266
2745  284
2746  280
2747  434
2748  373
2749  384
2750  280
2751  284
2752  266
2753  284
2754  273
2755  291
2756  274
2757  275
2758  274
2759  284
2760  278
2761  284
2762  280
2763  284
2764  288
2765  284
2766  260
2767  285
2768  274
2769  283
2770  281
2771  281
2772  274
2773  287
2774  284
2775  287
2776  285
2777  271
2778  280
2779  284
2780  284
2781  274
2782  273
2783  270
2784  288
2785  284
2786  277
2787  285
2788  274
2789  270
2790  284
2791  280
2792  283
2793  274
2794  277
2795  431
2796  371
2797  277
2798  280
2799  451
2800  337
2801  274
2802  291
2803  290
2804  291
2805  284
2806  284
2807  270
2808  271
2809  267
2810  264
2811  284
2812  277
2813  281
2814  281
2815  268
2816  283
2817  285
2818  271
2819  281
2820  281
2821  281
2822  283
2823  287
2824  280
2825  283
2826  287
2827  275
2828  270
2829  274
2830  290
2831  271
2832  284
2833  287
2834  285
2835  285
2836  285
2837  281
2838  285
2839  288
2840  259
2841  268
2842  263
2843  394
2844  314
2845  259
2846  259
2847  256
2848  250
2849  253
2850  311
2851  259
2852  259
2853  263
2854  265
2855  259
2856  259
2857  259
2858  284
2859  283
2860  277
2861  284
2862  284
2863  291
2864  285
2865  284
2866  411
2867  284
2868  274
2869  287
2870  287
2871  298
2872  290
2873  284
2874  281
2875  285
2876  280
2877  290
2878  287
2879  274
2880  284
2881  283
2882  280
2883  287
2884  265
2885  271
2886  288
2887  291
2888  281
2889  283
2890  285
2891  428
2892  283
2893  285
2894  274
2895  284
2896  283
2897  286
2898  285
2899  278
2900  280
2901  281
2902  283
2903  287
2904  260
2905  277
2906  287
2907  291
2908  287
2909  281
2910  280
2911  284
2912  281
2913  284
2914  283
2915  288
2916  277
2917  274
2918  288
2919  281
2920  281
2921  284
2922  271
2923  280
2924  278
2925  271
2926  287
2927  284
2928  280
2929  287
2930  270
2931  517
2932  424
2933  415
2934  425
2935  274
2936  287
2937  284
2938  281
2939  274
2940  267
2941  283
2942  274
2943  461
2944  278
2945  269
2946  262
2947  246
2948  259
2949  263
2950  263
2951  253
2952  269
2953  268
2954  268
2955  265
2956  265
2957  401
2958  345
2959  291
2960  271
2961  285
2962  287
2963  284
2964  298
2965  288
2966  293
2967  294
2968  293
2969  287
2970  290
2971  290
2972  428
2973  298
2974  290
2975  284
2976  284
2977  281
2978  281
2979  281
2980  287
2981  287
2982  291
2983  284
2984  454
2985  274
2986  288
2987  270
2988  281
2989  421
2990  283
2991  287
2992  283
2993  281
2994  271
2995  280
2996  278
2997  274
2998  281
2999  275
3000  259
3001  262
3002  263
3003  262
3004  253
3005  259
3006  259
3007  265
3008  262
3009  253
3010  268
3011  263
3012  253
3013  256
3014  259
3015  265
3016  265
3017  272
3018  271
3019  253
3020  256
3021  391
3022  333
3023  284
3024  268
3025  281
3026  266
3027  290
3028  284
3029  284
3030  271
3031  270
3032  285
3033  284
3034  284
3035  284
3036  285
3037  287
3038  281
3039  283
3040  290
3041  281
3042  290
3043  288
3044  284
3045  281
3046  286
3047  284
3048  274
3049  287
3050  270
3051  290
3052  391
3053  303
3054  277
3055  287
3056  291
3057  274
3058  280
3059  283
3060  270
3061  277
3062  274
3063  291
3064  277
3065  274
3066  284
3067  262
3068  253
3069  263
3070  262
3071  253
3072  262
3073  269
3074  265
3075  269
3076  253
3077  265
3078  262
3079  250
3080  263
3081  256
3082  263
3083  249
3084  259
3085  250
3086  250
3087  395
3088  324
3089  268
3090  272
3091  281
3092  262
3093  259
3094  249
3095  262
3096  262
3097  301
3098  283
3099  280
3100  288
3101  280
3102  271
3103  284
3104  271
3105  283
3106  284
3107  284
3108  274
3109  418
3110  283
3111  286
3112  294
3113  395
3114  278
3115  285
3116  291
3117  284
3118  283
3119  274
3120  284
3121  288
3122  284
3123  277
3124  291
3125  280
3126  290
3127  288
3128  287
3129  274
3130  283
3131  274
3132  287
3133  273
3134  273
3135  283
3136  273
3137  348
3138  265
3139  265
3140  265
3141  256
3142  265
3143  265
3144  266
3145  266
3146  265
3147  256
3148  265
3149  259
3150  269
3151  401
3152  339
3153  364
3154  262
3155  265
3156  262
3157  256
3158  266
3159  269
3160  263
3161  278
3162  262
3163  272
3164  290
3165  287
3166  287
3167  291
3168  287
3169  290
3170  281
3171  424
3172  274
3173  285
3174  277
3175  291
3176  368
3177  310
3178  274
3179  284
3180  281
3181  284
3182  280
3183  281
3184  284
3185  284
3186  280
3187  274
3188  284
3189  277
3190  271
3191  280
3192  283
3193  270
3194  284
3195  284
3196  284
3197  276
3198  274
3199  441
3200  365
3201  284
3202  288
3203  351
3204  297
3205  274
3206  288
3207  281
3208  270
3209  283
3210  281
3211  277
3212  287
3213  274
3214  270
3215  288
3216  284
3217  418
3218  462
3219  448
3220  511
3221  451
3222  281
3223  277
3224  274
3225  291
3226  267
3227  283
3228  291
3229  280
3230  287
3231  290
3232  287
3233  287
3234  287
3235  281
3236  287
3237  284
3238  268
3239  281
3240  284
3241  280
3242  274
3243  268
3244  268
3245  265
3246  266
3247  262
3248  268
3249  262
3250  266
3251  262
3252  262
3253  265
3254  259
3255  265
3256  262
3257  259
3258  265
3259  259
3260  255
3261  256
3262  265
3263  262
3264  269
3265  253
3266  268
3267  265
3268  262
3269  262
3270  253
3271  265
3272  259
3273  256
3274  259
3275  262
3276  256
3277  253
3278  266
3279  253
3280  262
3281  395
3282  278
3283  280
3284  284
3285  285
3286  290
3287  281
3288  270
3289  274
3290  281
3291  288
3292  284
3293  275
3294  287
3295  284
3296  264
3297  285
3298  287
3299  280
3300  287
3301  281
3302  287
3303  290
3304  285
3305  290
3306  281
3307  285
3308  281
3309  291
3310  277
3311  284
3312  287
3313  267
3314  284
3315  287
3316  288
3317  283
3318  284
3319  284
3320  287
3321  265
3322  265
3323  265
3324  262
3325  262
3326  250
3327  259
3328  265
3329  268
3330  262
3331  265
3332  253
3333  262
3334  252
3335  253
3336  265
3337  262
3338  256
3339  266
3340  262
3341  259
3342  256
3343  265
3344  259
3345  392
3346  318
3347  272
3348  268
3349  272
3350  303
3351  285
3352  287
3353  287
3354  281
3355  274
3356  274
3357  284
3358  288
3359  281
3360  281
3361  284
3362  274
3363  291
3364  270
3365  291
3366  283
3367  283
3368  274
3369  271
3370  273
3371  277
3372  276
3373  284
3374  267
3375  310
3376  285
3377  277
3378  271
3379  287
3380  285
3381  281
3382  285
3383  274
3384  280
3385  287
3386  495
3387  348
3388  268
3389  259
3390  265
3391  253
3392  265
3393  262
3394  269
3395  268
3396  266
3397  259
3398  252
3399  265
3400  253
3401  250
3402  262
3403  265
3404  262
3405  259
3406  263
3407  256
3408  259
3409  253
3410  265
3411  262
3412  333
3413  268
3414  244
3415  259
3416  253
3417  361
3418  265
3419  256
3420  259
3421  256
3422  250
3423  259
3424  265
3425  388
3426  307
3427  281
3428  271
3429  278
3430  288
3431  281
3432  271
3433  287
3434  276
3435  281
3436  281
3437  283
3438  280
3439  277
3440  284
3441  284
3442  284
3443  281
3444  271
3445  281
3446  281
3447  281
3448  281
3449  285
3450  281
3451  283
3452  277
3453  271
3454  284
3455  275
3456  274
3457  288
3458  284
3459  280
3460  281
3461  284
3462  293
3463  265
3464  262
3465  259
3466  262
3467  265
3468  262
3469  290
3470  413
3471  429
3472  389
3473  250
3474  250
3475  250
3476  250
3477  259
3478  263
3479  263
3480  263
3481  250
3482  259
3483  262
3484  262
3485  259
3486  246
3487  252
3488  256
3489  263
3490  262
3491  260
3492  246
3493  259
3494  259
3495  256
3496  262
3497  268
3498  262
3499  250
3500  234
3501  225
3502  240
3503  241
3504  247
3505  243
3506  241
3507  363
3508  329
3509  312
3510  248
3511  263
3512  250
3513  243
3514  244
3515  245
3516  246
3517  281
3518  284
3519  281
3520  275
3521  286
3522  274
3523  287
3524  285
3525  280
3526  274
3527  408
3528  305
3529  270
3530  274
3531  284
3532  270
3533  271
3534  284
3535  284
3536  284
3537  284
3538  287
3539  280
3540  284
3541  283
3542  284
3543  281
3544  284
3545  274
3546  274
3547  284
3548  281
3549  284
3550  284
3551  271
3552  364
3553  256
3554  253
3555  265
3556  259
3557  299
3558  268
3559  256
3560  249
3561  259
3562  262
3563  259
3564  253
3565  259
3566  259
3567  259
3568  259
3569  263
3570  259
3571  256
3572  250
3573  253
3574  259
3575  262
3576  253
3577  259
3578  256
3579  253
3580  262
3581  253
3582  262
3583  259
3584  250
3585  259
3586  252
3587  407
3588  347
3589  307
3590  251
3591  260
3592  257
3593  258
3594  254
3595  250
3596  251
3597  248
3598  254
3599  254
3600  251
3601  255
3602  253
3603  250
3604  251
3605  258
3606  271
3607  254
3608  254
3609  256
3610  258
3611  250
3612  250
3613  254
3614  251
3615  257
3616  254
3617  315
3618  256
3619  259
3620  262
3621  256
3622  263
3623  253
3624  253
3625  262
3626  259
3627  244
3628  293
3629  263
3630  277
3631  273
3632  281
3633  288
3634  284
3635  277
3636  284
3637  287
3638  274
3639  287
3640  270
3641  281
3642  271
3643  280
3644  274
3645  281
3646  267
3647  270
3648  281
3649  287
3650  284
3651  287
3652  284
3653  281
3654  297
3655  280
3656  264
3657  284
3658  281
3659  281
3660  280
3661  277
3662  284
3663  280
3664  882
3665  265
3666  262
3667  259
3668  259
3669  240
3670  259
3671  259
3672  263
3673  265
3674  259
3675  262
3676  262
3677  262
3678  262
3679  250
3680  262
3681  262
3682  252
3683  259
3684  253
3685  389
3686  287
3687  570
3688  327
3689  304
3690  270
3691  281
3692  284
3693  268
3694  284
3695  271
3696  281
3697  284
3698  271
3699  280
3700  283
3701  281
3702  266
3703  275
3704  284
3705  274
3706  268
3707  281
3708  281
3709  271
3710  281
3711  280
3712  274
3713  391
3714  273
3715  283
3716  284
3717  281
3718  274
3719  280
3720  284
3721  284
3722  256
3723  262
3724  262
3725  262
3726  268
3727  269
3728  253
3729  253
3730  253
3731  259
3732  259
3733  262
3734  259
3735  259
3736  262
3737  268
3738  256
3739  256
3740  262
3741  249
3742  250
3743  259
3744  348
3745  259
3746  262
3747  266
3748  262
3749  259
3750  259
3751  259
3752  259
3753  266
3754  253
3755  268
3756  253
3757  259
3758  262
3759  244
3760  243
3761  243
3762  252
3763  248
3764  243
3765  246
3766  247
3767  250
3768  243
3769  238
3770  244
3771  249
3772  243
3773  246
3774  240
3775  251
3776  240
3777  245
3778  243
3779  244
3780  246
3781  364
3782  300
3783  236
3784  243
3785  244
3786  358
3787  287
3788  284
3789  278
3790  281
3791  283
3792  277
3793  291
3794  281
3795  267
3796  284
3797  288
3798  293
3799  276
3800  287
3801  281
3802  287
3803  281
3804  264
3805  283
3806  278
3807  281
3808  284
3809  281
3810  284
3811  274
3812  274
3813  283
3814  265
3815  284
3816  264
3817  274
3818  281
3819  284
3820  281
3821  265
3822  250
3823  262
3824  256
3825  268
3826  256
3827  262
3828  252
3829  265
3830  271
3831  266
3832  268
3833  263
3834  265
3835  259
3836  265
3837  265
3838  269
3839  265
3840  253
3841  266
3842  265
3843  268
3844  243
3845  265
3846  265
3847  388
3848  327
3849  275
3850  268
3851  262
3852  262
3853  280
3854  285
3855  288
3856  277
3857  291
3858  291
3859  284
3860  291
3861  281
3862  284
3863  271
3864  283
3865  281
3866  284
3867  287
3868  270
3869  281
3870  281
3871  280
3872  291
3873  283
3874  417
3875  348
3876  306
3877  260
3878  283
3879  281
3880  281
3881  285
3882  277
3883  284
3884  273
3885  287
3886  263
3887  262
3888  265
3889  265
3890  269
3891  370
3892  259
3893  265
3894  265
3895  265
3896  265
3897  262
3898  314
3899  262
3900  262
3901  263
3902  435
3903  299
3904  266
3905  265
3906  265
3907  253
3908  262
3909  265
3910  259
3911  259
3912  253
3913  253
3914  253
3915  262
3916  262
3917  262
3918  265
3919  259
3920  262
3921  338
3922  246
3923  244
3924  234
3925  240
3926  241
3927  244
3928  244
3929  252
3930  247
3931  286
3932  245
3933  235
3934  245
3935  243
3936  235
3937  240
3938  243
3939  245
3940  249
3941  253
3942  243
3943  234
3944  246
3945  243
3946  240
3947  236
3948  241
3949  250
3950  238
3951  249
3952  244
3953  246
3954  250
3955  250
3956  248
3957  243
3958  247
3959  229
3960  222
3961  212
3962  234
3963  232
3964  224
3965  238
3966  228
3967  231
3968  227
3969  222
3970  314
3971  231
3972  216
3973  214
3974  231
3975  226
3976  229
3977  424
3978  291
3979  280
3980  281
3981  271
3982  304
3983  290
3984  271
3985  280
3986  285
3987  281
3988  261
3989  281
3990  284
3991  281
3992  284
3993  283
3994  278
3995  284
3996  281
3997  280
3998  288
3999  281
4000  278
4001  294
4002  287
4003  281
4004  268
4005  260
4006  288
4007  284
4008  256
4009  265
4010  265
4011  265
4012  263
4013  269
4014  259
4015  265
4016  256
4017  268
4018  262
4019  263
4020  265
4021  271
4022  265
4023  265
4024  256
4025  259
4026  262
4027  253
4028  256
4029  275
4030  253
4031  262
4032  262
4033  265
4034  253
4035  253
4036  259
4037  256
4038  259
4039  253
4040  255
4041  262
4042  246
4043  240
4044  240
4045  246
4046  231
4047  240
4048  233
4049  238
4050  245
4051  241
4052  234
4053  240
4054  243
4055  234
4056  244
4057  240
4058  235
4059  241
4060  233
4061  237
4062  241
4063  249
4064  249
4065  232
4066  241
4067  234
4068  267
4069  243
4070  241
4071  241
4072  246
4073  241
4074  238
4075  234
4076  249
4077  241
4078  240
4079  336
4080  222
4081  229
4082  224
4083  229
4084  229
4085  221
4086  214
4087  227
4088  229
4089  227
4090  227
4091  223
4092  294
4093  229
4094  224
4095  232
4096  232
4097  256
4098  450
4099  375
4100  396
4101  346
4102  224
4103  223
4104  232
4105  231
4106  222
4107  228
4108  234
4109  224
4110  225
4111  223
4112  224
4113  229
4114  231
4115  224
4116  219
4117  220
4118  221
4119  210
4120  211
4121  328
4122  273
4123  233
4124  217
4125  218
4126  211
4127  218
4128  223
4129  214
4130  216
4131  224
4132  218
4133  221
4134  285
4135  290
4136  290
4137  295
4138  287
4139  290
4140  287
4141  276
4142  287
4143  288
4144  291
4145  294
4146  284
4147  293
4148  280
4149  294
4150  297
4151  284
4152  291
4153  291
4154  290
4155  488
4156  315
4157  291
4158  295
4159  294
4160  278
4161  291
4162  288
4163  284
4164  281
4165  256
4166  271
4167  262
4168  265
4169  269
4170  269
4171  266
4172  262
4173  262
4174  274
4175  262
4176  253
4177  262
4178  272
4179  265
4180  268
4181  269
4182  262
4183  256
4184  262
4185  268
4186  265
4187  364
4188  262
4189  268
4190  259
4191  271
4192  256
4193  269
4194  256
4195  263
4196  253
4197  255
4198  246
4199  234
4200  246
4201  252
4202  243
4203  251
4204  246
4205  246
4206  247
4207  243
4208  246
4209  252
4210  246
4211  258
4212  234
4213  238
4214  240
4215  240
4216  257
4217  241
4218  243
4219  233
4220  237
4221  238
4222  252
4223  253
4224  238
4225  241
4226  246
4227  344
4228  246
4229  252
4230  249
4231  247
4232  255
4233  250
4234  236
4235  236
4236  236
4237  238
4238  236
4239  231
4240  238
4241  234
4242  232
4243  224
4244  240
4245  245
4246  229
4247  225
4248  236
4249  230
4250  229
4251  235
4252  231
4253  221
4254  229
4255  224
4256  227
4257  241
4258  236
4259  236
4260  219
4261  229
4262  236
4263  236
4264  229
4265  234
4266  234
4267  219
4268  238
4269  241
4270  236
4271  236
4272  223
4273  220
4274  218
4275  228
4276  223
4277  214
4278  222
4279  223
4280  215
4281  220
4282  213
4283  220
4284  220
4285  210
4286  213
4287  223
4288  221
4289  218
4290  213
4291  215
4292  220
4293  218
4294  216
4295  210
4296  221
4297  225
4298  220
4299  218
4300  224
4301  215
4302  220
4303  223
4304  220
4305  220
4306  220
4307  213
4308  219
4309  295
4310  215
4311  213
4312  278
4313  207
4314  207
4315  210
4316  209
4317  212
4318  208
4319  205
4320  212
4321  208
4322  209
4323  208
4324  207
4325  202
4326  208
4327  205
4328  208
4329  203
4330  200
4331  210
4332  206
4333  210
4334  210
4335  212
4336  202
4337  212
4338  208
4339  213
4340  205
4341  209
4342  200
4343  205
4344  203
4345  210
4346  209
4347  207
4348  203
4349  451
4350  314
4351  296
4352  294
4353  327
4354  284
4355  298
4356  297
4357  296
4358  297
4359  297
4360  297
4361  287
4362  294
4363  297
4364  298
4365  262
4366  283
4367  291
4368  288
4369  287
4370  287
4371  284
4372  288
4373  281
4374  291
4375  281
4376  297
4377  294
4378  291
4379  294
4380  297
4381  284
4382  294
4383  287
4384  269
4385  271
4386  272
4387  262
4388  272
4389  271
4390  274
4391  268
4392  268
4393  269
4394  269
4395  272
4396  271
4397  268
4398  271
4399  268
4400  271
4401  259
4402  262
4403  275
4404  277
4405  271
4406  266
4407  271
4408  262
4409  275
4410  274
4411  274
4412  271
4413  275
4414  268
4415  262
4416  249
4417  347
4418  297
4419  254
4420  252
4421  237
4422  255
4423  246
4424  245
4425  252
4426  252
4427  243
4428  254
4429  229
4430  251
4431  249
4432  243
4433  245
4434  255
4435  265
4436  297
4437  313
4438  240
4439  255
4440  254
4441  254
4442  255
4443  252
4444  252
4445  256
4446  252
4447  238
4448  250
4449  247
4450  231
4451  226
4452  227
4453  228
4454  234
4455  222
4456  224
4457  229
4458  241
4459  230
4460  328
4461  250
4462  229
4463  239
4464  236
4465  236
4466  238
4467  231
4468  236
4469  231
4470  236
4471  224
4472  230
4473  236
4474  238
4475  234
4476  219
4477  238
4478  238
4479  236
4480  233
4481  239
4482  219
4483  227
4484  238
4485  241
4486  220
4487  216
4488  220
4489  218
4490  225
4491  223
4492  213
4493  221
4494  221
4495  220
4496  213
4497  213
4498  216
4499  223
4500  220
4501  223
4502  220
4503  226
4504  226
4505  221
4506  220
4507  221
4508  218
4509  216
4510  223
4511  221
4512  218
4513  224
4514  220
4515  218
4516  218
4517  221
4518  221
4519  223
4520  219
4521  218
4522  311
4523  313
4524  259
4525  255
4526  297
4527  276
4528  210
4529  211
4530  207
4531  210
4532  207
4533  215
4534  200
4535  209
4536  207
4537  200
4538  207
4539  210
4540  215
4541  214
4542  208
4543  430
4544  368
4545  351
4546  294
4547  301
4548  290
4549  294
4550  295
4551  294
4552  301
4553  294
4554  285
4555  294
4556  277
4557  257
4558  287
4559  275
4560  291
4561  294
4562  297
4563  284
4564  294
4565  287
4566  301
4567  281
4568  291
4569  281
4570  283
4571  291
4572  281
4573  246
4574  240
4575  255
4576  254
4577  256
4578  254
4579  254
4580  252
4581  251
4582  253
4583  255
4584  250
4585  253
4586  246
4587  255
4588  257
4589  245
4590  243
4591  252
4592  255
4593  253
4594  252
4595  252
4596  255
4597  252
4598  250
4599  253
4600  258
4601  258
4602  240
4603  252
4604  251
4605  252
4606  314
4607  231
4608  222
4609  241
4610  239
4611  236
4612  232
4613  238
4614  226
4615  230
4616  236
4617  240
4618  236
4619  240
4620  230
4621  238
4622  234
4623  236
4624  217
4625  234
4626  226
4627  236
4628  238
4629  233
4630  236
4631  233
4632  230
4633  231
4634  221
4635  234
4636  241
4637  229
4638  236
4639  236
4640  241
4641  236
4642  266
4643  210
4644  213
4645  220
4646  224
4647  218
4648  220
4649  222
4650  219
4651  221
4652  220
4653  214
4654  216
4655  220
4656  215
4657  218
4658  220
4659  216
4660  218
4661  216
4662  216
4663  218
4664  266
4665  210
4666  219
4667  221
4668  208
4669  218
4670  218
4671  213
4672  215
4673  224
4674  218
4675  215
4676  216
4677  211
4678  223
4679  203
4680  210
4681  198
4682  203
4683  198
4684  208
4685  213
4686  203
4687  206
4688  210
4689  205
4690  205
4691  207
4692  205
4693  210
4694  201
4695  205
4696  205
4697  196
4698  207
4699  206
4700  207
4701  205
4702  205
4703  205
4704  210
4705  207
4706  207
4707  198
4708  260
4709  303
4710  342
4711  205
4712  208
4713  210
4714  201
4715  205
4716  200
4717  183
4718  195
4719  198
4720  197
4721  194
4722  185
4723  191
4724  190
4725  198
4726  199
4727  197
4728  198
4729  192
4730  195
4731  186
4732  178
4733  190
4734  190
4735  183
4736  193
4737  192
4738  197
4739  195
4740  190
4741  193
4742  178
4743  196
4744  194
4745  178
4746  192
4747  189
4748  189
4749  195
4750  188
4751  195
4752  187
4753  186
4754  188
4755  198
4756  182
4757  189
4758  189
4759  183
4760  183
4761  179
4762  185
4763  174
4764  174
4765  183
4766  183
4767  174
4768  187
4769  178
4770  187
4771  187
4772  187
4773  182
4774  189
4775  193
4776  186
4777  178
4778  191
4779  185
4780  184
4781  181
4782  180
4783  177
4784  185
4785  166
4786  231
4787  179
4788  187
4789  189
4790  191
4791  185
4792  183
4793  180
4794  189
4795  214
4796  189
4797  176
4798  177
4799  183
4800  190
4801  178
4802  165
4803  169
4804  177
4805  177
4806  176
4807  174
4808  176
4809  175
4810  174
4811  173
4812  177
4813  182
4814  174
4815  177
4816  166
4817  176
4818  174
4819  175
4820  176
4821  172
4822  169
4823  177
4824  172
4825  176
4826  176
4827  178
4828  177
4829  178
4830  174
4831  174
4832  177
4833  177
4834  174
4835  176
4836  180
4837  166
4838  176
4839  177
4840  180
4841  176
4842  176
4843  176
4844  178
4845  174
4846  178
4847  167
4848  175
4849  162
4850  173
4851  166
4852  165
4853  168
4854  167
4855  167
4856  175
4857  179
4858  168
4859  168
4860  166
4861  168
4862  163
4863  168
4864  162
4865  171
4866  163
4867  170
4868  165
4869  177
4870  168
4871  165
4872  167
4873  160
4874  161
4875  163
4876  166
4877  167
4878  165
4879  213
4880  213
4881  222
4882  236
4883  251
4884  210
4885  211
4886  232
4887  219
4888  239
4889  233
4890  183
4891  160
4892  165
4893  159
4894  160
4895  161
4896  159
4897  159
4898  159
4899  164
4900  157
4901  162
4902  158
4903  159
4904  160
4905  159
4906  156
4907  156
4908  159
4909  153
4910  159
4911  155
4912  160
4913  158
4914  160
4915  159
4916  155
4917  167
4918  159
4919  159
4920  157
4921  159
4922  159
4923  162
4924  154
4925  159
4926  160
4927  160
4928  162
4929  157
4930  153
4931  163
4932  160
4933  156
4934  162
4935  160
4936  160
4937  162
4938  157
4939  159
4940  153
4941  152
4942  151
4943  146
4944  153
4945  154
4946  148
4947  151
4948  153
4949  148
4950  153
4951  149
4952  155
4953  154
4954  156
4955  156
4956  211
4957  160
4958  156
4959  154
4960  154
4961  156
4962  147
4963  155
4964  145
4965  152
4966  154
4967  153
4968  154
4969  142
4970  158
4971  156
4972  155
4973  152
4974  154
4975  155
4976  157
4977  155
4978  145
4979  159
4980  146
4981  156
4982  157
4983  156
4984  149
4985  156
4986  154
4987  154
4988  155
4989  154
4990  158
4991  156
4992  143
4993  148
4994  149
4995  147
4996  146
4997  149
4998  151
4999  186
5000  146
5001  147
5002  146
5003  150
5004  145
5005  142
5006  144
5007  145
5008  139
5009  145
5010  146
5011  146
5012  144
5013  145
5014  146
5015  145
5016  145
5017  138
5018  143
5019  140
5020  138
5021  145
5022  143
5023  143
5024  144
5025  149
5026  149
5027  149
5028  150
5029  142
5030  144
5031  142
5032  142
5033  147
5034  147
5035  150
5036  147
5037  148
5038  149
5039  149
5040  150
5041  148
5042  150
5043  151
5044  222
5045  142
5046  142
5047  139
5048  138
5049  136
5050  140
5051  143
5052  138
5053  191
5054  154
5055  141
5056  134
5057  142
5058  142
5059  137
5060  144
5061  137
5062  140
5063  130
5064  139
5065  137
5066  141
5067  139
5068  137
5069  135
5070  143
5071  133
5072  145
5073  132
5074  137
5075  135
5076  138
5077  141
5078  142
5079  140
5080  143
5081  143
5082  143
5083  145
5084  139
5085  142
5086  134
5087  144
5088  140
5089  141
5090  140
5091  137
5092  138
5093  143
5094  138
5095  144
5096  136
5097  143
5098  134
5099  136
5100  130
5101  135
5102  134
5103  128
5104  138
5105  132
5106  131
5107  134
5108  136
5109  135
5110  164
5111  128
5112  209
5113  135
5114  133
5115  135
5116  136
5117  128
5118  130
5119  129
5120  136
5121  136
5122  133
5123  137
5124  138
5125  132
5126  131
5127  137
5128  136
5129  131
5130  136
5131  134
5132  182
5133  142
5134  137
5135  135
5136  139
5137  139
5138  132
5139  139
5140  141
5141  137
5142  127
5143  135
5144  136
5145  139
5146  138
5147  134
5148  133
5149  132
5150  138
5151  136
5152  136
5153  133
5154  134
5155  135
5156  131
5157  127
5158  136
5159  124
5160  127
5161  129
5162  128
5163  127
5164  134
5165  129
5166  127
5167  127
5168  126
5169  138
5170  136
5171  127
5172  138
5173  126
5174  130
5175  134
5176  135
5177  126
5178  129
5179  125
5180  126
5181  135
5182  136
5183  127
5184  130
5185  130
5186  129
5187  136
5188  130
5189  128
5190  137
5191  136
5192  128
5193  124
5194  137
5195  129
5196  126
5197  127
5198  127
5199  128
5200  122
5201  140
5202  129
5203  126
5204  127
5205  128
5206  127
5207  127
5208  128
5209  128
5210  130
5211  124
5212  128
5213  125
5214  125
5215  119
5216  122
5217  124
5218  126
5219  126
5220  121
5221  127
5222  124
5223  124
5224  122
5225  130
5226  123
5227  125
5228  124
5229  125
5230  122
5231  550
5232  143
5233  189
5234  189
5235  124
5236  124
5237  129
5238  124
5239  123
5240  125
5241  125
5242  123
5243  120
5244  125
5245  121
5246  123
5247  124
5248  124
5249  123
5250  120
5251  125
5252  162
5253  126
5254  123
5255  122
5256  122
5257  126
5258  123
5259  124
5260  125
5261  120
5262  126
5263  122
5264  122
5265  122
5266  122
5267  122
5268  169
5269  131
5270  120
5271  119
5272  119
5273  119
5274  121
5275  122
5276  121
5277  128
5278  121
5279  120
5280  129
5281  122
5282  120
5283  142
5284  118
5285  114
5286  117
5287  121
5288  120
5289  119
5290  119
5291  121
5292  120
5293  119
5294  117
5295  120
5296  120
5297  122
5298  117
5299  123
5300  120
5301  120
5302  121
5303  118
5304  116
5305  118
5306  119
5307  115
5308  116
5309  119
5310  120
5311  122
5312  121
5313  120
5314  119
5315  120
5316  122
5317  120
5318  124
5319  123
5320  122
5321  121
5322  121
5323  122
5324  134
5325  165
5326  119
5327  121
5328  121
5329  116
5330  118
5331  117
5332  115
5333  117
5334  118
5335  116
5336  117
5337  115
5338  110
5339  117
5340  119
5341  114
5342  110
5343  116
5344  118
5345  113
5346  113
5347  113
5348  116
5349  117
5350  116
5351  117
5352  117
5353  106
5354  114
5355  113
5356  116
5357  117
5358  119
5359  118
5360  118
5361  116
5362  161
5363  113
5364  115
5365  120
5366  118
5367  118
5368  116
5369  116
5370  113
5371  114
5372  110
5373  108
5374  115
5375  115
5376  111
5377  113
5378  118
5379  115
5380  117
5381  113
5382  118
5383  116
5384  112
5385  110
5386  114
5387  119
5388  119
5389  118
5390  117
5391  115
5392  117
5393  115
5394  115
5395  119
5396  113
5397  117
5398  117
5399  117
5400  117
5401  117
5402  117
5403  118
5404  113
5405  119
5406  114
5407  116
5408  117
5409  118
5410  115
5411  111
5412  107
5413  118
5414  117
5415  119
5416  120
5417  115
5418  115
5419  118
5420  116
5421  117
5422  113
5423  113
5424  114
5425  113
5426  118
5427  116
5428  117
5429  115
5430  133
5431  119
5432  109
5433  113
5434  117
5435  116
5436  118
5437  115
5438  113
5439  118
5440  116
5441  115
5442  114
5443  116
5444  116
5445  116
5446  115
5447  117
5448  117
5449  156
5450  114
5451  111
5452  114
5453  118
5454  115
5455  115
5456  115
5457  117
5458  118
5459  116
5460  117
5461  115
5462  117
5463  119
5464  115
5465  118
5466  115
5467  118
5468  118
5469  119
5470  119
5471  117
5472  117
5473  117
5474  117
5475  117
5476  114
5477  117
5478  113
5479  110
5480  110
5481  117
5482  113
5483  115
5484  117
5485  117
5486  143
5487  112
5488  114
5489  117
5490  145
5491  116
5492  121
5493  119
5494  111
5495  114
5496  118
5497  110
5498  117
5499  118
5500  113
5501  115
5502  117
5503  112
5504  454
5505  108
5506  117
5507  118
5508  117
5509  118
5510  117
5511  115
5512  118
5513  117
5514  110
5515  118
5516  114
5517  116
5518  117
5519  117
5520  117
5521  116
5522  116
5523  116
5524  115
5525  116
5526  116
5527  117
5528  123
5529  111
5530  119
5531  116
5532  117
5533  115
5534  117
5535  116
5536  115
5537  114
5538  114
5539  118
5540  115
5541  118
5542  116
5543  114
5544  120
5545  118
5546  116
5547  110
5548  118
5549  108
5550  117
5551  110
5552  116
5553  115
5554  118
5555  116
5556  113
5557  110
5558  113
5559  116
5560  112
5561  111
5562  113
5563  113
5564  113
5565  115
5566  117
5567  114
5568  115
5569  112
5570  113
5571  117
5572  113
5573  114
5574  116
5575  116
5576  113
5577  113
5578  112
5579  116
5580  114
5581  117
5582  118
5583  120
5584  118
5585  113
5586  114
5587  110
5588  117
5589  118
5590  116
5591  116
5592  104
5593  108
5594  117
5595  118
5596  171
5597  116
5598  116
5599  119
5600  114
5601  119
5602  117
5603  118
5604  118
5605  111
5606  112
5607  115
5608  114
5609  116
5610  118
5611  114
5612  116
5613  109
5614  113
5615  116
5616  170
5617  112
5618  111
5619  122
5620  114
5621  120
5622  119
5623  121
5624  117
5625  119
5626  117
5627  110
5628  117
5629  111
5630  116
5631  117
5632  113
5633  117
5634  116
5635  115
5636  112
5637  117
5638  112
5639  116
5640  116
5641  115
5642  116
5643  119
5644  115
5645  117
5646  116
5647  111
5648  117
5649  114
5650  110
5651  112
5652  110
5653  113
5654  114
5655  116
5656  174
5657  167
5658  151
5659  140
5660  185
5661  165
5662  131
5663  183
5664  163
5665  170
5666  182
5667  222
5668  149
5669  172
5670  176
5671  177
5672  180
5673  181
5674  183
5675  181
5676  138
5677  170
5678  158
5679  162
5680  160
5681  177
5682  186
5683  178
5684  152
5685  131
5686  184
5687  149
5688  165
5689  180
5690  148
5691  189
5692  149
5693  169
5694  167
5695  142
5696  165
5697  240
5698  191
5699  189
5700  159
5701  176
5702  171
5703  158
5704  166
5705  187
5706  123
5707  145
5708  136
5709  142
5710  171
5711  113
5712  115
5713  110
5714  115
5715  117
5716  109
5717  116
5718  116
5719  117
5720  116
5721  117
5722  117
5723  117
5724  141
5725  114
5726  106
5727  113
5728  115
5729  116
5730  118
5731  113
5732  117
5733  112
5734  115
5735  113
5736  115
5737  117
5738  114
5739  117
5740  117
5741  116
5742  113
5743  117
5744  118
5745  114
5746  114
5747  113
5748  113
5749  116
5750  113
5751  116
5752  112
5753  117
5754  119
5755  117
5756  112
5757  115
5758  108
5759  118
5760  115
5761  119
5762  117
5763  119
5764  113
5765  112
5766  117
5767  119
5768  118
5769  118
5770  119
5771  112
5772  114
5773  115
5774  114
5775  119
5776  119
5777  115
5778  119
5779  118
5780  116
5781  110
5782  118
5783  118
5784  118
5785  112
5786  118
5787  116
5788  118
5789  115
5790  118
5791  118
5792  118
5793  114
5794  117
5795  118
5796  116
5797  110
5798  117
5799  118
5800  115
5801  115
5802  119
5803  143
5804  178
5805  111
5806  116
5807  115
5808  117
5809  107
5810  112
5811  115
5812  116
5813  115
5814  113
5815  112
5816  115
5817  114
5818  114
5819  116
5820  113
5821  115
5822  113
5823  116
5824  115
5825  116
5826  116
5827  113
5828  113
5829  117
5830  117
5831  116
5832  115
5833  116
5834  116
5835  114
5836  116
5837  117
5838  116
5839  118
5840  107
5841  118
5842  113
5843  106
5844  109
5845  149
5846  157
5847  151
5848  115
5849  112
5850  118
5851  118
5852  118
5853  111
5854  110
5855  118
5856  114
5857  115
5858  117
5859  119
5860  119
5861  121
5862  120
5863  120
5864  119
5865  112
5866  117
5867  118
5868  123
5869  119
5870  120
5871  120
5872  119
5873  111
5874  118
5875  118
5876  118
5877  120
5878  123
5879  116
5880  118
5881  111
5882  119
5883  113
5884  121
5885  120
5886  116
5887  118
5888  118
5889  120
5890  118
5891  118
5892  112
5893  116
5894  135
5895  114
5896  118
5897  184
5898  145
5899  116
5900  111
5901  111
5902  119
5903  120
5904  118
5905  118
5906  117
5907  117
5908  117
5909  118
5910  118
5911  115
5912  116
5913  118
5914  117
5915  119
5916  114
5917  119
5918  109
5919  117
5920  113
5921  114
5922  114
5923  117
5924  117
5925  112
5926  118
5927  118
5928  118
5929  115
5930  116
5931  116
5932  118
5933  119
5934  115
5935  111
5936  114
5937  122
5938  117
5939  117
5940  118
5941  111
5942  117
5943  120
5944  117
5945  119
5946  114
5947  117
5948  115
5949  114
5950  115
5951  118
5952  118
5953  113
5954  126
5955  119
5956  119
5957  110
5958  120
5959  119
5960  118
5961  115
5962  189
5963  117
5964  115
5965  117
5966  111
5967  112
5968  118
5969  114
5970  119
5971  115
5972  118
5973  117
5974  112
5975  117
5976  117
5977  118
5978  116
5979  118
5980  111
5981  117
5982  118
5983  118
5984  116
5985  247
5986  118
5987  115
5988  116
5989  113
5990  146
5991  121
5992  110
5993  119
5994  118
5995  115
5996  307
5997  114
5998  118
5999  119
6000  115
6001  115
6002  119
6003  118
6004  119
6005  110
6006  113
6007  118
6008  116
6009  127
6010  118
6011  115
6012  115
6013  116
6014  117
6015  119
6016  119
6017  119
6018  112
6019  115
6020  139
6021  201
6022  159
6023  141
6024  131
6025  118
6026  149
6027  182
6028  160
6029  172
6030  143
6031  116
6032  116
6033  118
6034  118
6035  118
6036  119
6037  119
6038  123
6039  115
6040  116
6041  118
6042  119
6043  118
6044  134
6045  154
6046  145
6047  107
6048  117
6049  106
6050  114
6051  112
6052  117
6053  118
6054  114
6055  113
6056  116
6057  113
6058  116
6059  112
6060  118
6061  117
6062  118
6063  120
6064  118
6065  118
6066  118
6067  114
6068  118
6069  119
6070  118
6071  118
6072  117
6073  114
6074  108
6075  117
6076  118
6077  135
6078  115
6079  117
6080  170
6081  119
6082  113
6083  117
6084  114
6085  118
6086  118
6087  119
6088  117
6089  116
6090  120
6091  119
6092  118
6093  118
6094  113
6095  119
6096  111
6097  116
6098  121
6099  118
6100  113
6101  118
6102  119
6103  114
6104  118
6105  117
6106  116
6107  115
6108  117
6109  116
6110  118
6111  117
6112  121
6113  118
6114  118
6115  119
6116  117
6117  117
6118  119
6119  119
6120  116
6121  121
6122  113
6123  120
6124  113
6125  117
6126  114
6127  114
6128  119
6129  118
6130  117
6131  113
6132  133
6133  116
6134  119
6135  119
6136  117
6137  114
6138  116
6139  117
6140  118
6141  118
6142  111
6143  108
6144  117
6145  111
6146  117
6147  118
6148  117
6149  117
6150  117
6151  114
6152  112
6153  117
6154  117
6155  115
6156  115
6157  117
6158  117
6159  117
6160  109
6161  112
6162  113
6163  117
6164  117
6165  114
6166  116
6167  117
6168  118
6169  118
6170  160
6171  123
6172  117
6173  114
6174  118
6175  113
6176  115
6177  117
6178  111
6179  115
6180  117
6181  117
6182  112
6183  115
6184  113
6185  124
6186  115
6187  118
6188  112
6189  114
6190  117
6191  117
6192  110
6193  116
6194  298
6195  170
6196  116
6197  112
6198  120
6199  116
6200  117
6201  114
6202  118
6203  118
6204  117
6205  119
6206  116
6207  121
6208  114
6209  117
6210  118
6211  118
6212  116
6213  118
6214  119
6215  118
6216  118
6217  117
6218  119
6219  115
6220  118
6221  124
6222  119
6223  117
6224  120
6225  113
6226  119
6227  117
6228  118
6229  113
6230  113
6231  122
6232  116
6233  135
6234  118
6235  115
6236  112
6237  115
6238  118
6239  116
6240  116
6241  118
6242  117
6243  115
6244  120
6245  117
6246  117
6247  118
6248  114
6249  118
6250  116
6251  109
6252  117
6253  105
6254  116
6255  109
6256  116
6257  137
6258  173
6259  130
6260  115
6261  115
6262  120
6263  114
6264  117
6265  117
6266  116
6267  117
6268  116
6269  113
6270  116
6271  114
6272  115
6273  110
6274  115
6275  106
6276  115
6277  114
6278  117
6279  117
6280  114
6281  118
6282  113
6283  118
6284  116
6285  114
6286  112
6287  129
6288  116
6289  117
6290  112
6291  116
6292  117
6293  115
6294  114
6295  117
6296  117
6297  114
6298  109
6299  115
6300  109
6301  109
6302  110
6303  116
6304  110
6305  109
6306  115
6307  117
6308  733
6309  169
6310  114
6311  118
6312  112
6313  117
6314  116
6315  113
6316  115
6317  112
6318  117
6319  119
6320  115
6321  110
6322  112
6323  115
6324  113
6325  113
6326  118
6327  113
6328  117
6329  114
6330  109
6331  113
6332  110
6333  113
6334  116
6335  170
6336  113
6337  115
6338  110
6339  115
6340  115
6341  258
6342  116
6343  117
6344  115
6345  117
6346  115
6347  119
6348  181
6349  117
6350  117
6351  115
6352  118
6353  115
6354  115
6355  117
6356  114
6357  114
6358  113
6359  116
6360  117
6361  116
6362  113
6363  113
6364  113
6365  116
6366  117
6367  113
6368  111
6369  112
6370  120
6371  115
6372  115
6373  117
6374  117
6375  116
6376  113
6377  118
6378  112
6379  120
6380  120
6381  116
6382  117
6383  115
6384  118
6385  120
6386  119
6387  117
6388  117
6389  117
6390  117
6391  104
6392  113
6393  113
6394  117
6395  112
6396  118
6397  111
6398  119
6399  117
6400  116
6401  116
6402  115
6403  115
6404  116
6405  114
6406  113
6407  116
6408  116
6409  113
6410  117
6411  115
6412  118
6413  114
6414  117
6415  108
6416  117
6417  117
6418  112
6419  116
6420  111
6421  116
6422  152
6423  110
6424  112
6425  116
6426  113
6427  117
6428  117
6429  117
6430  117
6431  116
6432  114
6433  168
6434  115
6435  115
6436  118
6437  117
6438  113
6439  119
6440  118
6441  118
6442  116
6443  114
6444  116
6445  115
6446  113
6447  118
6448  116
6449  114
6450  116
6451  117
6452  114
6453  106
6454  118
6455  119
6456  115
6457  114
6458  115
6459  119
6460  117
6461  115
6462  119
6463  114
6464  114
6465  117
6466  115
6467  119
6468  106
6469  115
6470  115
6471  117
6472  115
6473  115
6474  122
6475  117
6476  116
6477  118
6478  114
6479  118
6480  119
6481  117
6482  118
6483  117
6484  114
6485  111
6486  117
6487  116
6488  117
6489  119
6490  109
6491  120
6492  118
6493  120
6494  114
6495  118
6496  116
6497  113
6498  118
6499  116
6500  111
6501  117
6502  114
6503  119
6504  118
6505  115
6506  113
6507  114
6508  116
6509  117
6510  114
6511  116
6512  117
6513  118
6514  114
6515  117
6516  115
6517  117
6518  115
6519  110
6520  118
6521  117
6522  118
6523  111
6524  118
6525  118
6526  116
6527  121
6528  115
6529  117
6530  117
6531  169
6532  120
6533  118
6534  115
6535  112
6536  119
6537  113
6538  114
6539  119
6540  114
6541  118
6542  115
6543  118
6544  118
6545  118
6546  118
6547  118
6548  119
6549  118
6550  115
6551  120
6552  113
6553  117
6554  118
6555  118
6556  117
6557  113
6558  112
6559  114
6560  116
6561  117
6562  118
6563  119
6564  119
6565  117
6566  118
6567  116
6568  113
6569  110
6570  113
6571  116
6572  116
6573  115
6574  116
6575  116
6576  109
6577  112
6578  112
6579  114
6580  116
6581  113
6582  116
6583  117
6584  116
6585  111
6586  113
6587  117
6588  118
6589  119
6590  117
6591  117
6592  108
6593  108
6594  116
6595  116
6596  110
6597  110
6598  113
6599  114
6600  108
6601  117
6602  116
6603  116
6604  165
6605  116
6606  117
6607  111
6608  116
6609  114
6610  119
6611  114
6612  116
6613  102
6614  117
6615  114
6616  110
6617  112
6618  108
6619  106
6620  115
6621  111
6622  114
6623  116
6624  117
6625  118
6626  118
6627  114
6628  114
6629  119
6630  114
6631  116
6632  114
6633  115
6634  115
6635  118
6636  113
6637  117
6638  115
6639  116
6640  117
6641  116
6642  115
6643  141
6644  118
6645  112
6646  113
6647  117
6648  114
6649  109
6650  109
6651  114
6652  113
6653  117
6654  116
6655  106
6656  116
6657  114
6658  116
6659  117
6660  117
6661  118
6662  116
6663  117
6664  114
6665  107
6666  118
6667  118
6668  119
6669  112
6670  114
6671  113
6672  131
6673  113
6674  147
6675  113
6676  118
6677  114
6678  120
6679  119
6680  116
6681  119
6682  121
6683  118
6684  115
6685  117
6686  116
6687  120
6688  118
6689  114
6690  136
6691  111
6692  113
6693  119
6694  118
6695  120
6696  119
6697  115
6698  119
6699  119
6700  118
6701  118
6702  118
6703  117
6704  115
6705  117
6706  119
6707  110
6708  117
6709  115
6710  111
6711  114
6712  117
6713  116
6714  113
6715  113
6716  118
6717  118
6718  827
6719  115
6720  117
6721  118
6722  119
6723  119
6724  114
6725  122
6726  118
6727  119
6728  119
6729  119
6730  118
6731  112
6732  113
6733  114
6734  110
6735  121
6736  119
6737  120
6738  113
6739  121
6740  119
6741  119
6742  142
6743  118
6744  111
6745  116
6746  121
6747  119
6748  197
6749  117
6750  119
6751  117
6752  115
6753  112
6754  115
6755  117
6756  118
6757  111
6758  119
6759  161
6760  118
6761  118
6762  116
6763  118
6764  117
6765  118
6766  116
6767  119
6768  117
6769  118
6770  182
6771  120
6772  118
6773  115
6774  118
6775  114
6776  111
6777  112
6778  118
6779  110
6780  117
6781  118
6782  117
6783  112
6784  118
6785  110
6786  118
6787  119
6788  113
6789  115
6790  118
6791  118
6792  118
6793  114
6794  116
6795  116
6796  118
6797  118
6798  118
6799  116
6800  118
6801  112
6802  114
6803  114
6804  119
6805  118
6806  120
6807  118
6808  113
6809  113
6810  117
6811  118
6812  118
6813  119
6814  117
6815  117
6816  119
6817  119
6818  118
6819  114
6820  112
6821  115
6822  117
6823  117
6824  114
6825  117
6826  110
6827  113
6828  120
6829  117
6830  118
6831  113
6832  118
6833  111
6834  119
6835  120
6836  111
6837  110
6838  113
6839  116
6840  116
6841  121
6842  120
6843  117
6844  110
6845  117
6846  121
6847  116
6848  117
6849  113
6850  115
6851  113
6852  154
6853  182
6854  166
6855  109
6856  117
6857  114
6858  114
6859  116
6860  110
6861  117
6862  112
6863  118
6864  111
6865  116
6866  108
6867  114
6868  118
6869  115
6870  113
6871  116
6872  118
6873  114
6874  115
6875  139
6876  214
6877  148
6878  247
6879  138
6880  116
6881  111
6882  118
6883  113
6884  116
6885  115
6886  110
6887  114
6888  116
6889  113
6890  114
6891  114
6892  116
6893  112
6894  118
6895  116
6896  115
6897  117
6898  114
6899  114
6900  114
6901  110
6902  112
6903  106
6904  110
6905  117
6906  108
6907  117
6908  117
6909  113
6910  115
6911  109
6912  114
6913  114
6914  118
6915  118
6916  118
6917  115
6918  119
6919  117
6920  119
6921  118
6922  116
6923  118
6924  115
6925  119
6926  118
6927  113
6928  117
6929  118
6930  115
6931  116
6932  166
6933  132
6934  117
6935  135
6936  133
6937  114
6938  119
6939  119
6940  111
6941  117
6942  120
6943  125
6944  117
6945  113
6946  118
6947  118
6948  113
6949  118
6950  114
6951  113
6952  118
6953  117
6954  147
6955  115
6956  159
6957  114
6958  114
6959  115
6960  116
6961  111
6962  113
6963  115
6964  114
6965  116
6966  114
6967  118
6968  116
6969  111
6970  118
6971  117
6972  117
6973  118
6974  116
6975  116
6976  114
6977  113
6978  118
6979  116
6980  118
6981  117
6982  119
6983  117
6984  117
6985  118
6986  119
6987  118
6988  116
6989  117
6990  115
6991  114
6992  111
6993  115
6994  119
6995  112
6996  118
6997  117
6998  117
6999  119
7000  120
7001  112
7002  117
7003  113
7004  118
7005  114
7006  118
7007  116
7008  117
7009  118
7010  114
7011  117
7012  116
7013  118
7014  119
7015  134
7016  119
7017  125
7018  118
7019  117
7020  118
7021  114
7022  118
7023  114
7024  118
7025  118
7026  117
7027  115
7028  120
7029  120
7030  118
7031  115
7032  115
7033  115
7034  118
7035  119
7036  114
7037  117
7038  119
7039  118
7040  115
7041  117
7042  112
7043  115
7044  117
7045  116
7046  119
7047  118
7048  118
7049  118
7050  120
7051  113
7052  116
7053  112
7054  118
7055  113
7056  104
7057  122
7058  119
7059  109
7060  120
7061  115
7062  118
7063  118
7064  117
7065  115
7066  116
7067  121
7068  117
7069  118
7070  118
7071  118
7072  113
7073  116
7074  115
7075  110
7076  103
7077  115
7078  117
7079  117
7080  118
7081  118
7082  114
7083  114
7084  118
7085  112
7086  115
7087  116
7088  116
7089  116
7090  118
7091  107
7092  134
7093  119
7094  117
7095  115
7096  109
7097  119
7098  117
7099  115
7100  111
7101  116
7102  117
7103  111
7104  120
7105  119
7106  118
7107  113
7108  117
7109  114
7110  116
7111  118
7112  112
7113  139
7114  109
7115  106
7116  110
7117  117
7118  117
7119  114
7120  117
7121  120
7122  118
7123  118
7124  118
7125  118
7126  114
7127  114
7128  113
7129  114
7130  118
7131  114
7132  117
7133  116
7134  117
7135  117
7136  118
7137  104
7138  116
7139  110
7140  117
7141  118
7142  115
7143  511
7144  125
7145  118
7146  115
7147  114
7148  116
7149  118
7150  117
7151  117
7152  118
7153  118
7154  115
7155  117
7156  117
7157  316
7158  115
7159  116
7160  113
7161  112
7162  112
7163  117
7164  115
7165  117
7166  113
7167  115
7168  118
7169  117
7170  117
7171  117
7172  118
7173  114
7174  117
7175  114
7176  117
7177  117
7178  118
7179  117
7180  116
7181  116
7182  116
7183  113
7184  113
7185  117
7186  116
7187  116
7188  119
7189  115
7190  117
7191  117
7192  120
7193  118
7194  116
7195  119
7196  118
7197  119
7198  114
7199  117
7200  118
7201  107
7202  117
7203  113
7204  120
7205  114
7206  119
7207  116
7208  115
7209  113
7210  118
7211  118
7212  118
7213  118
7214  116
7215  117
7216  117
7217  116
7218  110
7219  113
7220  116
7221  115
7222  117
7223  117
7224  120
7225  117
7226  117
7227  119
7228  119
7229  116
7230  116
7231  122
7232  118
7233  118
7234  112
7235  114
7236  112
7237  113
7238  120
7239  118
7240  115
7241  117
7242  119
7243  117
7244  116
7245  117
7246  117
7247  114
7248  118
7249  113
7250  168
7251  114
7252  124
7253  119
7254  113
7255  114
7256  113
7257  119
7258  118
7259  118
7260  1245
7261  126
7262  118
7263  114
7264  119
7265  120
7266  116
7267  113
7268  142
7269  117
7270  118
7271  114
7272  113
7273  117
7274  115
7275  116
7276  117
7277  117
7278  114
7279  115
7280  124
7281  115
7282  118
7283  117
7284  111
7285  116
7286  115
7287  117
7288  116
7289  118
7290  116
7291  117
7292  110
7293  113
7294  114
7295  107
7296  116
7297  117
7298  118
7299  118
7300  113
7301  116
7302  117
7303  118
7304  109
7305  115
7306  118
7307  115
7308  117
7309  117
7310  119
7311  118
7312  117
7313  118
7314  110
7315  116
7316  120
7317  118
7318  118
7319  119
7320  115
7321  111
7322  111
7323  116
7324  117
7325  115
7326  118
7327  114
7328  115
7329  140
7330  120
7331  116
7332  120
7333  114
7334  118
7335  115
7336  116
7337  118
7338  119
7339  118
7340  117
7341  122
7342  113
7343  114
7344  114
7345  116
7346  112
7347  118
7348  118
7349  119
7350  119
7351  118
7352  118
7353  119
7354  124
7355  117
7356  118
7357  186
7358  143
7359  194
7360  117
7361  118
7362  113
7363  118
7364  117
7365  111
7366  119
7367  117
7368  113
7369  116
7370  118
7371  118
7372  118
7373  111
7374  114
7375  109
7376  114
7377  118
7378  117
7379  116
7380  113
7381  113
7382  109
7383  118
7384  117
7385  117
7386  117
7387  117
7388  116
7389  112
7390  114
7391  113
7392  108
7393  116
7394  117
7395  113
7396  112
7397  119
7398  114
7399  115
7400  115
7401  117
7402  110
7403  117
7404  113
7405  116
7406  111
7407  114
7408  118
7409  111
7410  118
7411  110
7412  113
7413  118
7414  116
7415  112
7416  118
7417  118
7418  113
7419  120
7420  115
7421  114
7422  117
7423  118
7424  115
7425  118
7426  113
7427  117
7428  111
7429  114
7430  110
7431  120
7432  117
7433  117
7434  114
7435  117
7436  117
7437  120
7438  118
7439  121
7440  118
7441  117
7442  118
7443  117
7444  115
7445  108
7446  113
7447  112
7448  117
7449  113
7450  119
7451  117
7452  115
7453  165
7454  114
7455  113
7456  113
7457  118
7458  118
7459  116
7460  113
7461  111
7462  118
7463  117
7464  116
7465  116
7466  112
7467  116
7468  114
7469  115
7470  118
7471  118
7472  117
7473  110
7474  117
7475  117
7476  111
7477  112
7478  106
7479  116
7480  113
7481  143
7482  118
7483  118
7484  116
7485  118
7486  117
7487  114
7488  118
7489  115
7490  118
7491  120
7492  111
7493  118
7494  115
7495  119
7496  9740
7497  117
7498  118
7499  115
7500  117
7501  120
7502  119
7503  118
7504  118
7505  116
7506  118
7507  106
7508  117
7509  117
7510  118
7511  110
7512  179
7513  117
7514  118
7515  117
7516  117
7517  120
7518  116
7519  118
7520  120
7521  109
7522  115
7523  118
7524  116
7525  119
7526  118
7527  121
7528  113
7529  118
7530  117
7531  118
7532  115
7533  117
7534  119
7535  113
7536  120
7537  123
7538  118
7539  114
7540  116
7541  119
7542  117
7543  117
7544  118
7545  117
7546  118
7547  116
7548  116
7549  115
7550  117
7551  130
7552  115
7553  140
7554  115
7555  177
7556  107
7557  116
7558  117
7559  117
7560  117
7561  118
7562  119
7563  118
7564  121
7565  116
7566  117
7567  119
7568  112
7569  117
7570  117
7571  117
7572  117
7573  119
7574  111
7575  115
7576  115
7577  116
7578  116
7579  119
7580  121
7581  116
7582  111
7583  115
7584  118
7585  117
7586  118
7587  118
7588  110
7589  118
7590  117
7591  119
7592  110
7593  107
7594  120
7595  111
7596  116
7597  106
7598  117
7599  113
7600  116
7601  116
7602  119
7603  117
7604  118
7605  116
7606  117
7607  117
7608  117
7609  111
7610  115
7611  116
7612  113
7613  108
7614  116
7615  116
7616  116
7617  109
7618  113
7619  114
7620  117
7621  132
7622  115
7623  117
7624  113
7625  227
7626  117
7627  115
7628  115
7629  141
7630  118
7631  118
7632  122
7633  116
7634  118
7635  117
7636  118
7637  116
7638  119
7639  117
7640  112
7641  116
7642  117
7643  113
7644  113
7645  119
7646  113
7647  118
7648  117
7649  121
7650  115
7651  111
7652  118
7653  119
7654  118
7655  110
7656  117
7657  112
7658  113
7659  113
7660  122
7661  116
7662  117
7663  116
7664  114
7665  117
7666  128
7667  116
7668  114
7669  116
7670  114
7671  118
7672  119
7673  115
7674  114
7675  118
7676  118
7677  118
7678  117
7679  118
7680  118
7681  118
7682  121
7683  118
7684  121
7685  116
7686  118
7687  114
7688  108
7689  119
7690  119
7691  118
7692  118
7693  114
7694  109
7695  114
7696  115
7697  119
7698  113
7699  118
7700  114
7701  118
7702  116
7703  118
7704  123
7705  113
7706  117
7707  117
7708  116
7709  119
7710  117
7711  114
7712  107
7713  118
7714  117
7715  111
7716  112
7717  120
7718  117
7719  118
7720  112
7721  113
7722  116
7723  114
7724  113
7725  116
7726  119
7727  113
7728  113
7729  118
7730  113
7731  113
7732  112
7733  112
7734  116
7735  121
7736  118
7737  164
7738  120
7739  109
7740  116
7741  112
7742  113
7743  115
7744  107
7745  118
7746  117
7747  115
7748  117
7749  121
7750  114
7751  110
7752  114
7753  116
7754  119
7755  116
7756  116
7757  113
7758  109
7759  119
7760  116
7761  110
7762  120
7763  119
7764  117
7765  108
7766  114
7767  116
7768  117
7769  116
7770  117
7771  118
7772  117
7773  115
7774  115
7775  111
7776  115
7777  116
7778  117
7779  116
7780  114
7781  118
7782  113
7783  117
7784  114
7785  119
7786  117
7787  109
7788  114
7789  116
7790  116
7791  116
7792  116
7793  117
7794  118
7795  115
7796  113
7797  117
7798  120
7799  110
7800  114
7801  109
7802  115
7803  114
7804  117
7805  117
7806  110
7807  126
7808  117
7809  114
7810  113
7811  113
7812  116
7813  118
7814  119
7815  112
7816  112
7817  118
7818  118
7819  117
7820  111
7821  113
7822  118
7823  117
7824  119
7825  114
7826  117
7827  122
7828  118
7829  116
7830  117
7831  118
7832  115
7833  177
7834  115
7835  116
7836  116
7837  117
7838  115
7839  119
7840  113
7841  116
7842  114
7843  114
7844  118
7845  113
7846  121
7847  118
7848  120
7849  117
7850  118
7851  119
7852  118
7853  117
7854  110
7855  117
7856  118
7857  116
7858  119
7859  108
7860  114
7861  114
7862  117
7863  117
7864  116
7865  116
7866  112
7867  120
7868  113
7869  113
7870  114
7871  117
7872  118
7873  120
7874  117
7875  109
7876  118
7877  116
7878  114
7879  117
7880  117
7881  115
7882  118
7883  117
7884  113
7885  118
7886  116
7887  117
7888  119
7889  118
7890  117
7891  112
7892  116
7893  162
7894  116
7895  109
7896  114
7897  118
7898  116
7899  117
7900  116
7901  113
7902  119
7903  111
7904  121
7905  115
7906  115
7907  114
7908  114
7909  119
7910  117
7911  116
7912  120
7913  116
7914  115
7915  115
7916  116
7917  114
7918  118
7919  119
7920  118
7921  118
7922  112
7923  114
7924  174
7925  117
7926  113
7927  119
7928  113
7929  118
7930  116
7931  118
7932  120
7933  114
7934  117
7935  118
7936  117
7937  117
7938  118
7939  118
7940  113
7941  117
7942  117
7943  114
7944  117
7945  119
7946  114
7947  119
7948  118
7949  116
7950  116
7951  117
7952  118
7953  118
7954  117
7955  115
7956  116
7957  118
7958  115
7959  118
7960  118
7961  116
7962  118
7963  118
7964  116
7965  117
7966  118
7967  119
7968  119
7969  118
7970  115
7971  117
7972  114
7973  116
7974  117
7975  116
7976  114
7977  119
7978  111
7979  118
7980  116
7981  120
7982  118
7983  118
7984  117
7985  116
7986  116
7987  113
7988  118
7989  117
7990  118
7991  113
7992  113
7993  118
7994  120
7995  116
7996  120
7997  118
7998  118
7999  114
8000  115
8001  117
8002  117
8003  118
8004  119
8005  121
8006  113
8007  117
8008  115
8009  118
8010  118
8011  111
8012  117
8013  118
8014  115
8015  118
8016  118
8017  117
8018  115
8019  117
8020  118
8021  118
8022  118
8023  121
8024  113
8025  118
8026  117
8027  116
8028  117
8029  117
8030  118
8031  120
8032  118
8033  114
8034  166
8035  111
8036  115
8037  116
8038  113
8039  115
8040  120
8041  118
8042  118
8043  118
8044  113
8045  118
8046  117
8047  117
8048  121
8049  116
8050  117
8051  117
8052  114
8053  134
8054  117
8055  116
8056  113
8057  117
8058  115
8059  113
8060  117
8061  113
8062  115
8063  117
8064  115
8065  119
8066  116
8067  110
8068  116
8069  112
8070  119
8071  113
8072  115
8073  119
8074  117
8075  112
8076  119
8077  118
8078  117
8079  119
8080  118
8081  114
8082  117
8083  116
8084  117
8085  111
8086  119
8087  116
8088  119
8089  115
8090  119
8091  118
8092  119
8093  116
8094  117
8095  114
8096  115
8097  117
8098  118
8099  113
8100  117
8101  117
8102  117
8103  116
8104  117
8105  119
8106  112
8107  115
8108  119
8109  116
8110  111
8111  116
8112  114
8113  115
8114  117
8115  113
8116  115
8117  113
8118  116
8119  116
8120  117
8121  117
8122  117
8123  116
8124  117
8125  117
8126  117
8127  109
8128  116
8129  118
8130  118
8131  117
8132  117
8133  118
8134  118
8135  170
8136  115
8137  123
8138  116
8139  119
8140  118
8141  112
8142  117
8143  117
8144  115
8145  113
8146  118
8147  112
8148  117
8149  118
8150  114
8151  113
8152  117
8153  118
8154  118
8155  115
8156  117
8157  115
8158  113
8159  107
8160  120
8161  120
8162  118
8163  119
8164  113
8165  116
8166  116
8167  118
8168  117
8169  115
8170  115
8171  118
8172  112
8173  117
8174  117
8175  119
8176  116
8177  118
8178  117
8179  114
8180  117
8181  118
8182  118
8183  119
8184  121
8185  115
8186  117
8187  120
8188  114
8189  117
8190  117
8191  119
8192  119
8193  129
8194  146
8195  113
8196  178
8197  210
8198  189
8199  117
8200  114
8201  116
8202  114
8203  118
8204  119
8205  119
8206  119
8207  121
8208  118
8209  118
8210  113
8211  120
8212  119
8213  122
8214  120
8215  113
8216  118
8217  115
8218  121
8219  121
8220  109
8221  119
8222  112
8223  116
8224  120
8225  116
8226  123
8227  117
8228  115
8229  119
8230  120
8231  121
8232  120
8233  123
8234  119
8235  125
8236  119
8237  119
8238  121
8239  119
8240  120
8241  115
8242  119
8243  119
8244  121
8245  114
8246  119
8247  120
8248  119
8249  112
8250  120
8251  120
8252  120
8253  120
8254  116
8255  116
8256  121
8257  116
8258  120
8259  122
8260  122
8261  115
8262  120
8263  119
8264  116
8265  117
8266  116
8267  113
8268  117
8269  116
8270  116
8271  109
8272  118
8273  117
8274  116
8275  120
8276  120
8277  117
8278  119
8279  120
8280  118
8281  115
8282  117
8283  119
8284  117
8285  139
8286  119
8287  118
8288  116
8289  118
8290  119
8291  119
8292  118
8293  115
8294  119
8295  119
8296  114
8297  124
8298  119
8299  114
8300  117
8301  121
8302  119
8303  119
8304  162
8305  128
8306  119
8307  123
8308  139
8309  115
8310  120
8311  118
8312  120
8313  119
8314  118
8315  121
8316  119
8317  118
8318  119
8319  118
8320  120
8321  113
8322  114
8323  109
8324  118
8325  119
8326  119
8327  119
8328  119
8329  119
8330  119
8331  118
8332  120
8333  125
8334  118
8335  119
8336  118
8337  119
8338  119
8339  121
8340  119
8341  175
8342  146
8343  118
8344  133
8345  118
8346  119
8347  119
8348  118
8349  120
8350  118
8351  117
8352  114
8353  118
8354  117
8355  111
8356  119
8357  116
8358  118
8359  120
8360  113
8361  113
8362  116
8363  118
8364  120
8365  115
8366  135
8367  121
8368  122
8369  115
8370  848
8371  125
8372  118
8373  120
8374  122
8375  120
8376  118
8377  116
8378  119
8379  119
8380  120
8381  116
8382  116
8383  113
8384  119
8385  119
8386  120
8387  121
8388  122
8389  118
8390  119
8391  119
8392  113
8393  120
8394  113
8395  118
8396  118
8397  119
8398  117
8399  119
8400  114
8401  118
8402  117
8403  117
8404  119
8405  118
8406  117
8407  118
8408  118
8409  117
8410  118
8411  117
8412  114
8413  114
8414  118
8415  113
8416  118
8417  119
8418  119
8419  119
8420  118
8421  109
8422  119
8423  117
8424  119
8425  115
8426  111
8427  116
8428  239
8429  119
8430  113
8431  115
8432  117
8433  117
8434  119
8435  113
8436  118
8437  118
8438  115
8439  116
8440  114
8441  121
8442  119
8443  117
8444  109
8445  118
8446  119
8447  118
8448  117
8449  118
8450  116
8451  120
8452  117
8453  120
8454  115
8455  137
8456  112
8457  113
8458  117
8459  118
8460  114
8461  119
8462  120
8463  113
8464  117
8465  117
8466  113
8467  118
8468  118
8469  117
8470  121
8471  124
8472  119
8473  118
8474  116
8475  122
8476  113
8477  118
8478  116
8479  117
8480  119
8481  119
8482  118
8483  119
8484  114
8485  119
8486  116
8487  112
8488  120
8489  118
8490  120
8491  121
8492  121
8493  118
8494  117
8495  121
8496  112
8497  112
8498  117
8499  115
8500  111
8501  118
8502  118
8503  118
8504  118
8505  180
8506  154
8507  151
8508  153
8509  160
8510  157
8511  149
8512  152
8513  148
8514  147
8515  33106
8516  129
8517  117
8518  105
8519  104
8520  103
8521  106
8522  104
8523  108
8524  105
8525  108
8526  105
8527  104
8528  104
8529  104
8530  104
8531  104
8532  105
8533  104
8534  106
8535  104
8536  107
8537  107
8538  105
8539  107
8540  105
8541  165
8542  105
8543  126
8544  105
8545  108
8546  105
8547  105
8548  106
8549  109
8550  108
8551  109
8552  108
8553  107
8554  108
8555  107
8556  106
8557  107
8558  105
8559  107
8560  110
8561  109
8562  106
8563  107
8564  110
8565  107
8566  110
8567  107
8568  105
8569  107
8570  109
8571  106
8572  105
8573  105
8574  106
8575  108
8576  109
8577  105
8578  105
8579  104
8580  107
8581  106
8582  108
8583  104
8584  139
8585  119
8586  118
8587  120
8588  119
8589  119
8590  119
8591  120
8592  119
8593  119
8594  122
8595  119
8596  114
8597  116
8598  122
8599  120
8600  120
8601  119
8602  120
8603  121
8604  125
8605  121
8606  132
8607  120
8608  120
8609  120
8610  117
8611  119
8612  118
8613  116
8614  116
8615  118
8616  120
8617  119
8618  116
8619  120
8620  118
8621  119
8622  120
8623  116
8624  120
8625  120
8626  117
8627  121
8628  120
8629  118
8630  113
8631  118
8632  117
8633  121
8634  115
8635  120
8636  121
8637  119
8638  120
8639  121
8640  119
8641  113
8642  116
8643  120
8644  110
8645  124
8646  117
8647  120
8648  120
8649  120
8650  112
8651  110
8652  120
8653  118
8654  116
8655  117
8656  121
8657  120
8658  120
8659  121
8660  121
8661  115
8662  121
8663  119
8664  117
8665  118
8666  117
8667  115
8668  119
8669  117
8670  118
8671  115
8672  121
8673  125
8674  120
8675  122
8676  121
8677  119
8678  120
8679  116
8680  119
8681  122
8682  121
8683  120
8684  429
8685  118
8686  121
8687  119
8688  115
8689  120
8690  118
8691  116
8692  111
8693  124
8694  120
8695  126
8696  119
8697  121
8698  125
8699  120
8700  120
8701  144
8702  120
8703  121
8704  120
8705  113
8706  114
8707  113
8708  152
8709  122
8710  119
8711  116
8712  116
8713  120
8714  121
8715  118
8716  119
8717  120
8718  125
8719  123
8720  126
8721  122
8722  121
8723  119
8724  114
8725  125
8726  119
8727  120
8728  119
8729  121
8730  117
8731  121
8732  117
8733  121
8734  121
8735  120
8736  119
8737  113
8738  116
8739  120
8740  120
8741  112
8742  120
8743  120
8744  113
8745  119
8746  112
8747  122
8748  921
8749  118
8750  117
8751  121
8752  122
8753  120
8754  165
8755  117
8756  120
8757  120
8758  114
8759  117
8760  119
8761  121
8762  119
8763  119
8764  126
8765  122
8766  120
8767  119
8768  119
8769  119
8770  126
8771  115
8772  112
8773  121
8774  114
8775  122
8776  117
8777  121
8778  118
8779  115
8780  119
8781  122
8782  119
8783  115
8784  117
8785  116
8786  122
8787  118
8788  119
8789  113
8790  113
8791  115
8792  121
8793  120
8794  152
8795  171
8796  119
8797  128
8798  122
8799  142
8800  121
8801  120
8802  117
8803  120
8804  117
8805  118
8806  120
8807  121
8808  121
8809  123
8810  119
8811  119
8812  122
8813  119
8814  119
8815  118
8816  120
8817  120
8818  120
8819  119
8820  120
8821  121
8822  110
8823  114
8824  111
8825  114
8826  119
8827  120
8828  121
8829  114
8830  156
8831  114
8832  120
8833  113
8834  119
8835  120
8836  113
8837  115
8838  120
8839  120
8840  121
8841  119
8842  120
8843  119
8844  120
8845  124
8846  121
8847  118
8848  120
8849  117
8850  121
8851  124
8852  120
8853  114
8854  120
8855  117
8856  123
8857  120
8858  112
8859  121
8860  119
8861  114
8862  119
8863  115
8864  120
8865  120
8866  116
8867  119
8868  120
8869  112
8870  119
8871  118
8872  119
8873  162
8874  119
8875  118
8876  116
8877  118
8878  121
8879  118
8880  116
8881  110
8882  116
8883  116
8884  120
8885  119
8886  118
8887  120
8888  119
8889  116
8890  117
8891  118
8892  120
8893  115
8894  120
8895  120
8896  134
8897  120
8898  114
8899  118
8900  119
8901  119
8902  116
8903  117
8904  118
8905  111
8906  121
8907  118
8908  120
8909  118
8910  119
8911  119
8912  118
8913  121
8914  120
8915  117
8916  121
8917  120
8918  119
8919  119
8920  113
8921  123
8922  116
8923  116
8924  119
8925  115
8926  116
8927  118
8928  118
8929  120
8930  119
8931  120
8932  120
8933  121
8934  114
8935  116
8936  117
8937  117
8938  118
8939  119
8940  153
8941  133
8942  121
8943  116
8944  120
8945  119
8946  119
8947  120
8948  119
8949  121
8950  114
8951  119
8952  119
8953  140
8954  121
8955  119
8956  118
8957  121
8958  179
8959  121
8960  118
8961  117
8962  119
8963  118
8964  119
8965  118
8966  113
8967  115
8968  116
8969  119
8970  119
8971  116
8972  115
8973  113
8974  118
8975  120
8976  118
8977  118
8978  117
8979  121
8980  121
8981  120
8982  120
8983  120
8984  120
8985  121
8986  120
8987  117
8988  117
8989  123
8990  118
8991  131
8992  119
8993  120
8994  115
8995  117
8996  122
8997  119
8998  121
8999  122
9000  119
9001  117
9002  121
9003  119
9004  121
9005  120
9006  115
9007  114
9008  117
9009  121
9010  113
9011  120
9012  120
9013  111
9014  124
9015  120
9016  121
9017  119
9018  120
9019  121
9020  140
9021  119
9022  116
9023  118
9024  119
9025  119
9026  121
9027  119
9028  132
9029  119
9030  120
9031  121
9032  120
9033  119
9034  120
9035  120
9036  119
9037  139
9038  113
9039  147
9040  120
9041  119
9042  120
9043  120
9044  121
9045  118
9046  117
9047  117
9048  119
9049  120
9050  119
9051  120
9052  120
9053  116
9054  117
9055  119
9056  112
9057  116
9058  116
9059  115
9060  116
9061  120
9062  119
9063  112
9064  120
9065  113
9066  119
9067  120
9068  118
9069  118
9070  116
9071  112
9072  121
9073  175
9074  116
9075  116
9076  120
9077  120
9078  119
9079  125
9080  118
9081  117
9082  119
9083  119
9084  122
9085  121
9086  114
9087  117
9088  119
9089  119
9090  117
9091  115
9092  120
9093  119
9094  116
9095  118
9096  120
9097  120
9098  119
9099  119
9100  117
9101  121
9102  114
9103  119
9104  118
9105  116
9106  120
9107  119
9108  120
9109  119
9110  139
9111  121
9112  117
9113  115
9114  119
9115  119
9116  137
9117  111
9118  122
9119  115
9120  115
9121  119
9122  118
9123  123
9124  125
9125  119
9126  120
9127  117
9128  135
9129  125
9130  115
9131  119
9132  121
9133  121
9134  120
9135  120
9136  116
9137  120
9138  122
9139  117
9140  184
9141  114
9142  121
9143  117
9144  120
9145  120
9146  120
9147  119
9148  194
9149  117
9150  112
9151  120
9152  116
9153  112
9154  116
9155  117
9156  121
9157  120
9158  115
9159  121
9160  128
9161  116
9162  118
9163  120
9164  120
9165  119
9166  119
9167  117
9168  119
9169  118
9170  119
9171  119
9172  120
9173  119
9174  120
9175  117
9176  120
9177  121
9178  120
9179  122
9180  120
9181  120
9182  116
9183  125
9184  116
9185  119
9186  119
9187  120
9188  120
9189  120
9190  117
9191  121
9192  120
9193  118
9194  119
9195  120
9196  114
9197  119
9198  147
9199  143
9200  161
9201  115
9202  118
9203  118
9204  114
9205  115
9206  114
9207  139
9208  117
9209  119
9210  116
9211  121
9212  117
9213  120
9214  120
9215  121
9216  121
9217  117
9218  121
9219  116
9220  123
9221  122
9222  120
9223  119
9224  121
9225  118
9226  121
9227  119
9228  120
9229  120
9230  118
9231  119
9232  120
9233  119
9234  122
9235  118
9236  113
9237  119
9238  120
9239  120
9240  121
9241  120
9242  117
9243  120
9244  479
9245  122
9246  116
9247  118
9248  118
9249  117
9250  114
9251  118
9252  121
9253  122
9254  115
9255  116
9256  119
9257  116
9258  116
9259  120
9260  117
9261  118
9262  124
9263  121
9264  118
9265  121
9266  118
9267  117
9268  120
9269  120
9270  121
9271  182
9272  119
9273  125
9274  127
9275  151
9276  119
9277  126
9278  118
9279  128
9280  120
9281  120
9282  117
9283  112
9284  119
9285  115
9286  119
9287  119
9288  116
9289  120
9290  120
9291  119
9292  125
9293  118
9294  125
9295  118
9296  118
9297  121
9298  120
9299  122
9300  123
9301  116
9302  120
9303  122
9304  124
9305  122
9306  119
9307  119
9308  120
9309  120
9310  119
9311  120
9312  120
9313  124
9314  115
9315  120
9316  120
9317  119
9318  119
9319  120
9320  125
9321  121
9322  123
9323  117
9324  120
9325  121
9326  121
9327  118
9328  119
9329  121
9330  119
9331  130
9332  119
9333  120
9334  132
9335  113
9336  119
9337  115
9338  118
9339  120
9340  114
9341  119
9342  120
9343  119
9344  110
9345  118
9346  116
9347  117
9348  118
9349  120
9350  121
9351  116
9352  135
9353  125
9354  118
9355  121
9356  123
9357  119
9358  122
9359  122
9360  120
9361  119
9362  118
9363  121
9364  121
9365  117
9366  119
9367  119
9368  119
9369  119
9370  114
9371  116
9372  116
9373  116
9374  116
9375  119
9376  113
9377  121
9378  121
9379  118
9380  113
9381  120
9382  121
9383  120
9384  118
9385  119
9386  121
9387  115
9388  117
9389  120
9390  115
9391  120
9392  119
9393  147
9394  119
9395  114
9396  117
9397  118
9398  118
9399  121
9400  118
9401  117
9402  114
9403  118
9404  119
9405  121
9406  121
9407  112
9408  118
9409  119
9410  121
9411  120
9412  119
9413  119
9414  119
9415  113
9416  122
9417  116
9418  112
9419  109
9420  112
9421  109
9422  110
9423  112
9424  116
9425  112
9426  112
9427  110
9428  111
9429  113
9430  112
9431  111
9432  113
9433  111
9434  111
9435  112
9436  114
9437  112
9438  110
9439  110
9440  108
9441  109
9442  113
9443  111
9444  114
9445  113
9446  112
9447  109
9448  111
9449  111
9450  106
9451  112
9452  109
9453  110
9454  112
9455  110
9456  115
9457  112
9458  110
9459  113
9460  110
9461  116
9462  113
9463  111
9464  109
9465  112
9466  113
9467  113
9468  120
9469  111
9470  108
9471  108
9472  111
9473  113
9474  114
9475  111
9476  113
9477  112
9478  113
9479  112
9480  108
9481  112
9482  111
9483  112
9484  110
9485  112
9486  112
9487  112
9488  113
9489  113
9490  117
9491  114
9492  113
9493  112
9494  106
9495  110
9496  110
9497  108
9498  108
9499  114
9500  110
9501  112
9502  109
9503  108
9504  110
9505  113
9506  118
9507  118
9508  113
9509  108
9510  109
9511  111
9512  114
9513  111
9514  108
9515  169
9516  110
9517  108
9518  111
9519  114
9520  114
9521  109
9522  114
9523  111
9524  110
9525  112
9526  110
9527  111
9528  113
9529  113
9530  113
9531  114
9532  108
9533  114
9534  112
9535  109
9536  110
9537  112
9538  114
9539  112
9540  109
9541  112
9542  114
9543  111
9544  111
9545  113
9546  116
9547  106
9548  110
9549  113
9550  107
9551  109
9552  104
9553  113
9554  108
9555  114
9556  104
9557  115
9558  107
9559  111
9560  106
9561  108
9562  104
9563  110
9564  110
9565  113
9566  108
9567  110
9568  108
9569  107
9570  107
9571  106
9572  110
9573  111
9574  107
9575  112
9576  113
9577  111
9578  110
9579  112
9580  113
9581  114
9582  112
9583  124
9584  106
9585  111
9586  113
9587  111
9588  112
9589  110
9590  112
9591  107
9592  110
9593  108
9594  115
9595  111
9596  158
9597  120
9598  121
9599  119
9600  113
9601  111
9602  110
9603  112
9604  107
9605  110
9606  109
9607  110
9608  109
9609  115
9610  111
9611  107
9612  106
9613  107
9614  100
9615  111
9616  111
9617  111
9618  111
9619  109
9620  113
9621  110
9622  112
9623  112
9624  108
9625  108
9626  109
9627  112
9628  112
9629  105
9630  109
9631  110
9632  115
9633  109
9634  112
9635  108
9636  110
9637  106
9638  111
9639  110
9640  110
9641  110
9642  112
9643  110
9644  109
9645  110
9646  113
9647  112
9648  108
9649  103
9650  116
9651  112
9652  113
9653  111
9654  110
9655  108
9656  107
9657  110
9658  111
9659  112
9660  107
9661  110
9662  109
9663  107
9664  111
9665  113
9666  106
9667  111
9668  110
9669  113
9670  110
9671  113
9672  113
9673  113
9674  114
9675  107
9676  107
9677  105
9678  113
9679  108
9680  110
9681  110
9682  112
9683  110
9684  108
9685  111
9686  110
9687  111
9688  111
9689  111
9690  106
9691  107
9692  113
9693  112
9694  107
9695  107
9696  104
9697  111
9698  108
9699  111
9700  110
9701  112
9702  113
9703  106
9704  110
9705  109
9706  110
9707  110
9708  112
9709  112
9710  108
9711  102
9712  110
9713  108
9714  110
9715  110
9716  111
9717  111
9718  110
9719  107
9720  114
9721  110
9722  111
9723  111
9724  112
9725  112
9726  111
9727  111
9728  108
9729  112
9730  113
9731  112
9732  111
9733  113
9734  114
9735  111
9736  113
9737  117
9738  114
9739  106
9740  114
9741  110
9742  111
9743  113
9744  111
9745  106
9746  111
9747  109
9748  111
9749  111
9750  110
9751  110
9752  110
9753  104
9754  108
9755  110
9756  110
9757  111
9758  110
9759  135
9760  113
9761  111
9762  113
9763  112
9764  112
9765  103
9766  105
9767  109
9768  108
9769  112
9770  113
9771  110
9772  113
9773  112
9774  110
9775  110
9776  109
9777  112
9778  109
9779  110
9780  105
9781  114
9782  112
9783  113
9784  114
9785  111
9786  107
9787  110
9788  115
9789  113
9790  111
9791  113
9792  110
9793  111
9794  113
9795  114
9796  108
9797  114
9798  113
9799  111
9800  107
9801  107
9802  113
9803  114
9804  115
9805  110
9806  112
9807  110
9808  108
9809  111
9810  109
9811  112
9812  111
9813  112
9814  108
9815  112
9816  114
9817  113
9818  110
9819  109
9820  111
9821  110
9822  108
9823  113
9824  112
9825  109
9826  110
9827  114
9828  113
9829  111
9830  112
9831  113
9832  108
9833  111
9834  110
9835  111
9836  112
9837  110
9838  107
9839  115
9840  111
9841  108
9842  106
9843  113
9844  109
9845  112
9846  114
9847  107
9848  113
9849  114
9850  110
9851  110
9852  110
9853  110
9854  113
9855  124
9856  109
9857  110
9858  108
9859  111
9860  114
9861  108
9862  111
9863  108
9864  112
9865  110
9866  108
9867  111
9868  106
9869  111
9870  112
9871  113
9872  110
9873  112
9874  108
9875  113
9876  107
9877  110
9878  106
9879  108
9880  113
9881  114
9882  114
9883  111
9884  106
9885  110
9886  105
9887  110
9888  113
9889  110
9890  113
9891  110
9892  110
9893  182
9894  217
9895  205
9896  120
9897  120
9898  117
9899  120
9900  121
9901  116
9902  115
9903  118
9904  119
9905  113
9906  120
9907  119
9908  118
9909  121
9910  118
9911  116
9912  118
9913  120
9914  123
9915  121
9916  122
9917  133
9918  120
9919  118
9920  118
9921  110
9922  120
9923  119
9924  115
9925  116
9926  121
9927  121
9928  118
9929  120
9930  120
9931  120
9932  115
9933  118
9934  120
9935  119
9936  120
9937  117
9938  119
9939  120
9940  119
9941  119
9942  118
9943  121
9944  119
9945  109
9946  120
9947  119
9948  115
9949  119
9950  119
9951  120
9952  120
9953  119
9954  114
9955  119
9956  120
9957  119
9958  118
9959  119
9960  119
9961  119
9962  119
9963  125
9964  118
9965  119
9966  121
9967  120
9968  156
9969  119
9970  116
9971  123
9972  120
9973  116
9974  120
9975  114
9976  123
9977  119
9978  119
9979  122
9980  116
9981  120
9982  127
9983  118
9984  119
9985  121
9986  118
9987  119
9988  111
9989  115
9990  208
9991  120
9992  119
9993  114
9994  171
9995  138
9996  215
9997  126
9998  118
9999  111
